Name         Age Nat St Tk Ps Sh Ag KAb TAb PAb SAb Gam Sub  Min Mom Sav Con Ktk Kps Sht Gls Ass  DP Inj Sus Fit
----------------------------------------------------------------------------------------------------------------
V_Jaros       25 cze 13  1  2  1 22 957 833  13 471   5   0  503   0  28  10   0   0   0   0   0   2   0   0 100
P_Reverson    21 hol 12  2  2  1 22 127  59 238 696   0   0    0   0   0   0   0   0   0   0   0   0   0   0 100
Marten_Paes   29 hol 10  1  1  1 20 760 584 584 584   0   0    0   0   0   0   0   0   0   0   0   0   0   0 100
Josip_Sutalo  27 cro  1 13  6  1 38 768 298 515 871   5   0  452   0   0   0   5   6   0   0   1   4   0   0  83
Wouter_Goes   22 hol  1 13  6  1 34 193 116 618 571   5   1  458   0   0   0   7   6   0   0   1   2   0   0  85
A_Appiah      21 hol  1 12  5  5 18 198 310 519 615   5   2  349   0   0   0   3   1   4   0   0   0   0   0  99
M_v_der_Lans  20 hol  1 12  5  1 36 290 475 881 878   3   1  270   0   0   0   3   4   0   0   1   0   0   0 100
Ko_Itakura    30 jap  1 12  5  2 38 975 482 228 284   3   0  282   0   0   0   7   1   0   0   0   2   0   0  93
Jan_Plug      21 hol  1 12  6  1 32 198 108 457 622   3   0  201   0   0   0   2   2   1   0   0   0   0   0 100
Anton_Gaaei   24 den  1 11  5  6 16 890 969 184 496   1   0   96   0   0   0   1   0   0   0   0   0   0   0 100
Kees_Smit     21 hol  1  5 13  5 26 205 146 975 646   4   0  407   0   0   0   3  10   0   0   0   0   0   0  93
Sten_Steur    19 hol  1  5 13  6 26 696 808 506  93   4   0  407   0   0   0   2  11   3   0   2   0   0   0  93
A_Ouazane     18 hol  1  3 13  5 16 733 538 568 544   5   0  405   0   0   0   0  14   4   0   2   0   0   0  86
Luka_Messori  19 hol  1  5 12  5 26 901 957 350 880   4   2  239   0   0   0   0   2   0   0   0   2   0   0 100
Tijn_Peters   21 hol  2  5 12  4 26 263 750 472 153   3   1  170   0   0   0   2   4   1   0   0   2   0   0 100
R_Bounida     21 mor  2  3 12  5 20 576 241 175 566   2   2  100   0   0   0   0   1   0   0   0   0   0   0 100
Emre_Unuvar   19 hol  1  4  5 14 28 731 421 142 735   4   0  407   1   0   0   0   2  20   4   0   4   0   0  93
Brian_Brobbey 25 hol  1  3  7 14 30 210 546 147  86   4   0  329   0   0   0   0   3  13   2   0   4   0   0 100
G_Prestianni  21 arg  1  1  6 13 18 198 647  55 473   4   1  362   0   0   0   1   2  16   2   0   0   0   0  93
Maher_Carrizo 21 arg  1  1  6 12 20 577 667 650 777   1   0   96   1   0   0   0   1   3   1   0   0   0   0 100
Brian_Madjo   18 eng  1  4  5 11 28 197 157 426 179   0   0    0   0   0   0   0   0   0   0   0   0   0   0 100
