Name         Age Nat St Tk Ps Sh Ag KAb TAb PAb SAb Gam Sub  Min Mom Sav Con Ktk Kps Sht Gls Ass  DP Inj Sus Fit
----------------------------------------------------------------------------------------------------------------
David_Raya    31 spa 13  1  1  1 22 680 793 972 431   8   0  755   0  40  20   0   0   0   0   0   2   0   0 100
Tommy_Setford 21 eng 11  2  1  1 20  31  55 702 497   0   0    0   0   0   0   0   0   0   0   0   0   0   0 100
Kepa          32 spa 10  1  1  1 20 320 544 544 544   0   0    0   0   0   0   0   0   0   0   0   0   0   0 100
Ben_White     29 eng  1 13  5  4 14 160 904 203 653   6   1  507   0   0   0  10   5   2   1   0   2   0   0  85
W_Saliba      26 fra  1 13  6  1 36 480 884 542 675   7   1  537   0   0   0   6   7   0   0   0   2   0   0  94
Gabriel       29 bra  1 13  5  1 38 728 335 776 842   3   0  289   0   0   0   5   0   1   1   0   0   0   0 100
J_Timber      25 hol  1 13  5  5 18 935 818 180 740   4   0  309   0   0   0   5   3   3   1   0  10   0   0  94
P_Hincapie    25 ecu  1 13  5  1 36 762 569 612 722   5   0  477   0   0   0   3   5   0   0   0   0   0   0 100
R_Calafiori   24 ita  1 13  5  4 20 114 381  29 798   4   3  144   0   0   0   1   0   0   0   0   0   0   0 100
M_L-Skelly    20 eng  1 13  5  5 20 180 899 248 194   5   1  351   0   0   0   3   4   4   0   0   2   0   0  94
C_Mosquera    22 spa  1 13  4  1 36 975 826 890 859   6   1  410   0   0   0   4   2   1   0   0   2   0   0 100
T_Malacia     27 hol  1 11  5  4 20 290 441 133 911   1   1   26   0   0   0   0   1   0   0   0   0   0   0 100
M_Odegaard    28 NOR  1  3 14  6 26 656 162 635 155   7   0  618   0   0   0   0  18   3   0   3   2   0   0 100
Eberechi_Eze  28 eng  1  2 13  6 18 997 359 925 122   8   3  387   1   0   0   0   4   4   0   1   2   0   0 100
Declan_Rice   28 eng  1  7 13  3 32 538 237 932 750   6   1  517   0   0   0   1  14   4   0   5   0   0   0  94
M_Zubimendi   28 spa  1  6 13  2 36 603  32 481 388   5   3  314   0   0   0   1   7   2   0   0   2   0   0  98
Mikel_Merino  30 spa  2  4 12  4 28 311 833 627 523   4   1  330   0   0   0   0   6   6   2   2   0   0   0 100
C_Norgaard    33 den  1  4 12  2 30 180 928 205 342   3   0  240   0   0   0   0   4   0   0   0   2   0   0 100
V_Gyokeres    28 SWE  1  4  6 14 30 982 212 636 468   7   0  551   1   0   0   3   0  22   6   0   0   0   0  94
D_Vlahovic    27 ser  1  3  7 14 24 180 450 108 698   6   4  275   0   0   0   0   7   8   1   1   0   0   0 100
G_Martinelli  25 bra  1  1  5 14 20 163 439 536 383   6   0  543   0   0   0   1   2  19   4   0   0   0   0  85
Kai_Havertz   27 ger  1  3  5 13 28 691 907 782 928   4   2  235   0   0   0   1   4  11   2   0   0   0   0 100
Bukayo_Saka   25 eng  1  2  6 13 20 467 412 594 650   5   1  311   0   0   0   0   1  12   1   0   2   0   0 100
N_Madueke     25 eng  1  1  5 13 14 290 446 130 717   1   0   95   1   0   0   0   3   4   2   1   0   0   0 100
Gabriel_Jesus 30 bra  1  3  5 12 30 168 637  90 275   0   0    0   0   0   0   0   0   0   0   0   0   0   0 100
