Name         Age Nat St Tk Ps Sh Ag KAb TAb PAb SAb Gam Sub  Min Mom Sav Con Ktk Kps Sht Gls Ass  DP Inj Sus Fit
----------------------------------------------------------------------------------------------------------------
S_Esquivel    21 spa 13  2  2  1 22 310  19 173 631   3   0  285   0  14   6   0   0   0   0   0   0   0   0 100
Jan_Oblak     34 slo 13  1  2  1 22 232 848   3 461   7   0  667   0  62  19   0   0   0   0   0   0   0   0 100
Thilo_Kehrer  30 ger  1 14  6  1 34 510 136 262 595   9   0  776   0   0   0  10   9   5   0   3   2   1   0 100
M_Ruggeri     24 ita  1 13  5  5 14 144 467 723 358   9   0  858   0   0   0  14   4  13   3   1   0   0   0  95
R_Le_Normand  30 spa  1 13  5  2 38 965 373 200 224   2   0  192   0   0   0   3   2   0   0   1   0   0   0 100
M_De_Cuyper   26 bel  1 13  6  5 20 867 972 848  40   6   0  573   0   0   0  12   8   5   0   0   2   0   0  95
M_Llorente    32 spa  1 13  5  4 16 792  81 530 906   2   1  172   0   0   0   3   2   2   0   0   0   0   0 100
Aleksa_Puric  23 ser  1 12  6  2 38 928  52 179 178   3   0  285   0   0   0   7   2   2   0   0   4   0   0 100
Manu_Kone     26 fra  1  6 14  6 25 628 587 508 182  10   0  952   1   0   0   1  26  11   0   5   0   0   0  95
J_Cardoso     25 usa  1  6 14  5 28 633 215 549 809  10   0  952   1   0   0   4  30   8   0   5   2   0   0  95
Nico_Barella  30 ita  1  6 14  6 25 618 395 196 251  10   0  952   1   0   0   4  24  10   3   2   0   0   0  95
Gerson        31 bra  1  5 12  5 28 392 133 816 105   5   0  479   0   0   0   1   6   1   1   1   2   0   0  95
Obed_Vargas   21 mex  1  5 12  6 20 686 524 613 645   6   1  512   0   0   0   0  11   3   1   0   0   0   0 100
Rayane_Belaid 22 spa  1  3 11  5 12 738 313 545 277   9   9  341   0   0   0   0  10   4   1   1   0   0   0 100
B_Sesko       23 slo  2  4  6 14 38 113 496 677 519   3   0  286   0   0   0   0   2  12   1   0   2   0   0 100
B_Barcola     23 fra  1  1  6 14 18 260 726 859 799  10   0  572   0   0   0   0   5  24   2   0   0   0   0 100
A_Lookman     29 nig  1  1  5 14 18 721 871 696  63   5   1  268   0   0   0   0   0  11   1   0   0   0   0 100
Nico_Gonzalez 29 arg  1  1  6 13 18 203 382 102 367   9   9  341   1   0   0   0   3  23   4   1   0   0   0 100
A_Griezmann   35 FRA  1  3  5 13 26 210 915 676 622   9   0  781   1   0   0   3   2  30   6   0   2   0   0  95
Ansu_Fati     24 SPA  1  1  5 13 20 193 477 527 160   4   0  228   0   0   0   1   1   8   2   0   0   0   0 100
Koke_Mota     22 spa  1  1  5 11 18 372 633 693 276   0   0    0   0   0   0   0   0   0   0   0   0   0   0 100
