Name         Age Nat St Tk Ps Sh Ag KAb TAb PAb SAb Gam Sub  Min Mom Sav Con Ktk Kps Sht Gls Ass  DP Inj Sus Fit
----------------------------------------------------------------------------------------------------------------
Raul_Rangel   27 mex 14  1  1  1 16 514 235 268 293   9   0  850   0  74  23   0   0   0   0   0   0   0   0 100
A_Montero     32 col 12  1  1  1 18 440 226 536 293   0   0    0   0   0   0   0   0   0   0   0   0   0   0 100
R_Guerreiro   33 por  1 14  7  7 18 310 243 106 105   4   0  312   0   0   0   2   1   4   1   0   0   0   0  88
A_Silva       23 por  1 14  6  1 36 520 459 419 711   8   0  755   1   0   0  19   5   2   0   0   2   0   0 100
J_Vazquez     28 mex  1 13  6  1 36 172 689 230 458   7   0  633   0   0   0   8   3   0   0   2   2   0   0  93
Alex_Bah      29 den  1 13  5  4 14 154 232 563 839   2   0  187   0   0   0   1   1   0   0   0   2   0   0  88
Jose_Neto     19 por  1 12  5  3 18 228 560 744 903   2   0   90   0   0   0   2   1   0   0   0   0   0   0 100
Diogo_Dalot   28 por  1 12  5  4 20 154 276  64 825   9   9  339   0   0   0   3   1   3   0   0   0   0   0 100
C_Azpilicueta 37 SPA  1 11  6  1 34 163 863 495 456   4   0  282   0   0   0   5   0   2   1   0   0   0   0 100
J_Wynder      22 usa  2 11  5  2 38  31 456 165 354   2   0  124   0   0   0   0   0   2   0   0   2   0   0 100
Gilberto_Mora 18 mex  1  2 14  5 16 175 751 540 688   7   0  662   0   0   0   2  19   7   0   2   0   0   0  88
Erik_Lira     27 mex  1  5 14  2 38 190 106 324 569   9   0  694   0   0   0   0  15   4   0   2   2   0   0  88
F_Aursnes     31 nor  1  4 13  5 28 643 798 566 639   3   0  233   0   0   0   1   0   4   0   0   2   0   0  93
L_Barreiro    27 lux  2  4 13  6 26  38 561 755  39   3   1  185   0   0   0   0   2   2   0   0   2   0   0 100
Manu_Silva    25 por  1  5 13  2 34 351 235 225 569   7   1  616   0   0   0   2   9   3   1   2   4   0   0 100
B_Gutierriez  24 mex  1  2 13  6 18 226 512 794 530   7   0  663   0   0   0   0  16  12   2   1   2   0   0 100
E_Barrenechea 25 ARG  1  6 13  3 36 696 756 189 371   6   0  570   0   0   0   1  13   2   0   1   2   0   0 100
Davy_Klassen  34 hol  1  3 11  5 28 183 415  84  54   1   0   97   0   0   0   0   3   1   0   0   0   0   0 100
C_Ronaldo     42 por  1  3  7 14 26 220 512 918 406   7   0  665   0   0   0   0   2  20   2   0   2   0   0  93
V_Pavlidis    28 gre  1  3  6 14 28 507 371 658 328   2   0  189   0   0   0   0   3   7   0   2   0   0   0 100
F_Conceicao   24 por  1  1  6 14 20 731 591 259 234   8   5  393   0   0   0   0   2   9   0   0   0   0   0 100
Joao_Felix    29 por  2  4  6 14 26  23 255 489 432   7   0  661   1   0   0   2   6  33   6   0   0   0   0  93
F_Ivanovic    23 cro  1  3  5 13 24 330 505 209 697   3   2  135   0   0   0   0   0   3   0   0   0   0   0 100
Jelani_Dumas  22 bel  2  4  5 11 28  78 309 348 479   2   2   47   0   0   0   0   1   3   0   0   0   0   0 100
