Name         Age Nat St Tk Ps Sh Ag KAb TAb PAb SAb Gam Sub  Min Mom Sav Con Ktk Kps Sht Gls Ass  DP Inj Sus Fit
----------------------------------------------------------------------------------------------------------------
Alvaro_Valles 29 spa 14  1  1  1 22 251 833 992 451   6   0  567   0  33  12   0   0   0   0   0   0   0   0 100
Pau_Lopez     32 spa 10  1  1  1 20 340 584 564 564   0   0    0   0   0   0   0   0   0   0   0   0   0   0 100
Sergino_Dest  26 usa  1 14  6  6 16 924 472 683  10   3   0  243   1   0   0   7   2   6   1   2   0   0   0 100
Marc_Guehi    26 eng  1 14  6  1 32 590 221 435 760   4   0  379   0   0   0   5   1   0   0   0   0   0   0 100
Mauro_Junior  28 bra  1 14  6  4 16 500 166 367 800   5   0  470   0   0   0   3   4   5   0   0   0   0   0 100
Natan         26 bra  1 14  6  1 36 500 315 397 832   4   1  324   0   0   0  11   4   0   0   0   4   0   0 100
Youri_Baas    24 hol  1 14  6  1 36 500  63 282 591   1   0   97   0   0   0   2   1   0   0   0   2   0   0 100
Sven_Botman   27 hol  1 13  4  1 34 590 124 868 542   1   0   93   0   0   0   0   1   0   0   0   0   0   0 100
V_Gomez       23 arg  1 12  5  1 38 748 299 717 894   0   0    0   0   0   0   0   0   0   0   0   0   0   0 100
Junior_Firpo  30 dom  1 12  4  5 18 955  63 880 409   0   0    0   0   0   0   0   0   0   0   0   0   0   0 100
Angel_Ortiz   22 spa  1 12  5  5 18 842 272 667 662   0   0    0   0   0   0   0   0   0   0   0   0   0   0 100
Emmanuel      16 ivo  1 11  4  1 32 170 644 615 242   1   0   95   0   0   0   1   0   1   1   0   0   0   0 100
H_Bellerin    32 spa  1 11  5  5 20 870 329 324 161   0   0    0   0   0   0   0   0   0   0   0   0   0   0 100
M_Navarro     19 spa  2 11  5  5 18 146 564 682 958   3   0  287   0   0   0   5   0   1   1   0   0   0   0 100
Harry_Wilson  30 wal  1  2 16  9 21 310 428 204 424   6   0  523   0   0   0   1  16  12   2   1   0   0   0 100
S_McTominay   30 sco  1  6 15  6 30 558 383 149 515   6   0  567   1   0   0   3  10  11   3   0   4   0   0 100
G_Lo_Celso    31 arg  1  2 14  5 20 672 600 422 504   6   0  567   0   0   0   0  23   0   0   3   0   0   0 100
J_Schouten    30 hol  2  4 14  2 36  18 555  91 681   4   4   87   0   0   0   0   1   0   0   0   0   0   0 100
A_Fidalgo     30 MEX  2  4 14  6 26  18 506 135 803   4   0  313   0   0   0   2   9   2   1   1   0   0   0 100
Isco          35 spa  1  2 13  8 20 310 315 673 490   6   0  567   0   0   0   0   7  14   0   3   4   0   0 100
Love_Arrhov   18 swe  1  2 13  5 18 300 960  99 997   1   0   95   0   0   0   0   4   2   0   1   0   0   0 100
S_Amrabat     30 mor  1  4 13  2 36 623 864 253 421   0   0    0   0   0   0   0   0   0   0   0   0   0   0 100
N_Deossa      27 col  1  4 12  4 30 331 970 755 493   1   0   93   0   0   0   1   1   1   0   0   0   0   0 100
Fran_Batan    18 spa  1  3 11  4 14 403 616 764 257   1   1   23   0   0   0   0   1   0   0   0   0   0   0 100
Rica_Funez    18 spa  1  4 11  4 24 361 138 607 549   3   3   68   0   0   0   0   1   0   0   0   0   0   0 100
C_Hernandez   28 COL  1  3  5 15 32 711 965 298 280   6   0  433   0   0   0   1   4  26   4   0   0   0   0 100
J_Zirkzee     25 hol  1  2  5 14 20 178 450 389 192   5   1  312   0   0   0   0   0  13   1   0   0   0   0 100
J-M_Bahoya    22 fra  2  2  6 14 18 103 380 616 406   1   0   72   0   0   0   0   0   4   2   0   0   0   0 100
B_Zaragoza    25 spa  1  1  5 13 16 200 662 414 321   5   5  111   1   0   0   0   1   4   2   0   0   0   0 100
Pablo_Garcia  20 spa  1  1  5 13 14 370 736 301 514   4   0  359   1   0   0   0   1  10   2   0   0   0   0 100
R_Riquelme    27 spa  1  2  5 12 20 183 400 326 541   6   6  134   0   0   0   0   0   3   0   0   0   0   0 100
Ruben_Da_Sa   19 spa  1  3  5 12 28 378 366 724 112   3   0  219   0   0   0   0   3   9   2   0   2   0   0 100
