Name         Age Nat St Tk Ps Sh Ag KAb TAb PAb SAb Gam Sub  Min Mom Sav Con Ktk Kps Sht Gls Ass  DP Inj Sus Fit
----------------------------------------------------------------------------------------------------------------
David_De_Gea  36 spa 12  1  2  1 22 467 873  28 486   7   0  662   0  24   9   0   0   0   0   0   0   0   0 100
O_Christensen 28 den 10  1  1  1 20 775 624 599 599   0   0    0   0   0   0   0   0   0   0   0   0   0   0 100
P_Comuzzo     22 ita  1 14  6  1 36 959 387 449 723   7   0  662   0   0   0   6   6   0   0   1   0   0   0  98
Dodo          28 bra  1 14  6  4 16 535 241 416 934   7   0  662   0   0   0   7   5   7   0   0   0   0   0  98
N_Fortini     21 ita  1 14  5  5 18 783 154  85 483   5   0  473   0   0   0   8   1   8   0   0   0   0   0 100
J_C_Todibo    27 fra  1 13  6  1 36 535 867 216 604   6   0  566   0   0   0   7   2   2   0   0   0   0   0 100
A_Wan_Bissaka 29 con  1 13  4  5 18 783 594 814 123   1   0   93   0   0   0   3   0   1   0   0   0   0   0 100
M_Pongracic   29 cro  1 12  6  2 38 990 433 172 175   1   0   96   0   0   0   1   0   0   0   0   0   0   0  98
Luca_Ranieri  28 ita  1 12  6  1 38 817 260 332 647   0   0    0   0   0   0   0   0   0   0   0   0   0   0 100
F_Parisi      26 ita  1 12  5  4 20 169 278  59 998   1   0   96   1   0   0   0   2   1   1   1   0   0   0  98
E_Kouadio     21 ita  1 12  5  2 36 235 701  98  76   0   0    0   0   0   0   0   0   0   0   0   0   0   0 100
D_Rugani      32 ita  1 11  5  1 36 215  11 875 405   0   0    0   0   0   0   0   0   0   0   0   0   0   0 100
H_Fagioli     26 ita  1  6 14  6 25 593 432  82 289   7   0  662   1   0   0   2  10   4   1   1   2   0   0  98
Matt_O'Riley  26 den  1  5 14  3 22 381 160 188 833   5   0  476   0   0   0   1  10   2   0   0   0   0   0  98
J_Fazzini     24 ITA  1  3 13  5 30 366 950 119 467   7   0  662   1   0   0   1  17   4   0   2   0   0   0  98
Cher_Ndour    22 ita  2  4 12  6 20  53 514 991 138   1   0   93   0   0   0   0   2   1   0   0   0   0   0 100
R_Mandragora  29 ita  1  6 12  2 36 658 108 478 470   0   0    0   0   0   0   0   0   0   0   0   0   0   0 100
G_Fabbian     24 ita  1  3 12  5 18 711 289 942 626   3   0  282   0   0   0   0   8   2   0   0   0   0   0  98
M_Bakker      26 hol  1  2 11  5 23 237 484 764 301   1   0   80   0   0   0   0   1   0   0   0   0   0   0 100
Y_Minteh      22 GAM  1  1  7 14 20 537 547 148 233   4   0  378   0   0   0   0   2   6   1   0   4   0   0 100
R_Piccoli     26 fra  2  4  6 14 26  38 354 355 314   3   0  284   0   0   0   0   0   8   2   0   2   0   0  98
Romulo        23 bra  1  3  6 14 30 280 801  30 198   5   0  440   1   0   0   0   1  16   3   0   0   0   0  98
K_Adeyemi     24 ger  1  2  6 13 20 477 202 121 280   8   0  672   1   0   0   0   3  26   2   0   2   0   0 100
R_Breschi     20 ita  1  3  5 12 32 235 882 361 154   4   1  284   0   0   0   0   3   8   1   0   2   0   0 100
