Name         Age Nat St Tk Ps Sh Ag KAb TAb PAb SAb Gam Sub  Min Mom Sav Con Ktk Kps Sht Gls Ass  DP Inj Sus Fit
----------------------------------------------------------------------------------------------------------------
A_Trubin      25 ukr 14  1  2  1 22  42 853  33 491   6   0  568   0  21   9   0   0   0   0   0   2   0   0 100
J_Martinez    28 spa 10  1  2  1 22 976 883  63 521   0   0    0   0   0   0   0   0   0   0   0   0   0   0 100
R_Di_Gennaro  33 ita  9  2  1  1 20 994  20 667 462   0   0    0   0   0   0   0   0   0   0   0   0   0   0 100
A_Bastoni     28 ita  1 14  6  1 36 570 619 959 664   6   0  568   0   0   0   8   6   1   0   2   4   0   0 100
M_van_der_Ven 26 HOL  1 14  6  1 36 570 839 873 687   5   0  429   0   0   0   4   1   1   0   0   0   0   0 100
F_Dimarco     29 ita  1 13  6  5 18 818 570 242  36   3   1  215   0   0   0   3   1   1   0   2   0   0   0 100
J_Vuskovic    20 cro  1 13  5  1 26 660 883 353 928   6   1  552   0   0   0   9   4   0   0   1   2   0   0 100
Patrick_Dorgu 22 den  1 13  5  5 18 852 855 807  39   6   0  568   0   0   0   5   1   2   1   0   0   0   0 100
D_Dumfries    31 hol  1 12  4  4 20 204 959 956 759   1   0   93   0   0   0   0   1   0   0   0   0   0   0 100
Petar_Sucic   23 CRO  1  5 15  6 26 693 350 576 247   5   1  416   0   0   0   3  11   8   2   1   2   0   0 100
D_Frattesi    27 ita  2  4 14  5 34  88 679 638  19   5   0  473   2   0   0   0  26   2   0   2   2   0   0 100
G_Sudakov     24 ukr  1  3 14  6 12 598 115 468 295   5   0  439   0   0   0   2  10   0   0   0   0   0   0 100
N_Mukau       22 con  2  5 13  3 34  58 739 175  25   1   0   95   0   0   0   0   1   0   0   0   0   0   0 100
Andy_Diouf    23 fra  1  5 12  4 26 401 120 964 573   2   1  139   0   0   0   1   0   0   0   0   0   0   0 100
P_Zielinski   32 pol  1  4 12  4 30 270 615 157 665   0   0    0   0   0   0   0   0   0   0   0   0   0   0 100
D_Rice        19 sco  1  6 12  5 20 660 253 365 280   3   2  154   0   0   0   1   3   0   0   1  12   0   0 100
Mika_Godts    21 bel  1  2  6 14 18 756 278  46 908   6   0  462   0   0   0   1   1  22   4   0   0   0   0 100
Pio_Esposito  21 ita  1  3  4 14 30 781 207 905 822   6   0  462   0   0   0   0   2  21   4   0   0   0   0 100
C_Summerville 25 hol  1  1  6 14 20 552 524 919  95   6   2  344   2   0   0   0   1  10   3   1   0   0   0 100
A-Y_Bonny     23 ivo  1  2  5 13 14 380 549 233 106   6   4  224   0   0   0   0   0   0   0   0   0   0   0 100
