Name         Age Nat St Tk Ps Sh Ag KAb TAb PAb SAb Gam Sub  Min Mom Sav Con Ktk Kps Sht Gls Ass  DP Inj Sus Fit
----------------------------------------------------------------------------------------------------------------
Mark_Flekken  33 hol 12  1  2  1 22 367 848  28 486   3   0  284   0   9   6   0   0   0   0   0   0   0   0 100
Jonas_Omlin   33 swi 10  1  1  1 20 175 599 599 599   0   0    0   0   0   0   0   0   0   0   0   0   0   0 100
J_Quansah     24 eng  1 14  6  1 36 535 181 663 914   3   0  214   0   0   0   4   4   2   0   0   0   0   0 100
E_Tapsoba     28 BUR  1 14  5  2 38 783 271 922 284   3   0  284   0   0   0   2   2   1   1   0   0   0   0  93
Tomas_Araujo  24 por  1 14  6  2 38 783 209  72  79   4   2  209   0   0   0   3   2   2   0   0   2   0   0 100
Loic_Bade     27 fra  1 13  6  2 38 990 892 457 563   3   0  284   0   0   0   3   3   2   0   0   2   0   0  93
Axel_Tape     19 fra  1 13  6  2 34 169 129 277 139   3   0  262   0   0   0   3   3   2   0   1   0   0   0  93
Arthur        24 bra  1 13  4  5 20 905  80 816 119   0   0    0   0   0   0   0   0   0   0   0   0   0   0 100
Issa_Traore   19 mal  1 12  5  1 38 215  74 293 895   0   0    0   0   0   0   0   0   0   0   0   0   0   0 100
Malik_Tillman 24 USA  1  2 15  5 20 658 911 283 525   3   0  259   0   0   0   0   5   3   0   1   0   0   0  98
Ibrahim_Maza  21 alg  1  3 14  6 25 593 373 366 252   3   0  284   1   0   0   1   5   6   1   1   2   0   0  93
E_Fernandez   24 arg  2  4 14  3 36  53 761 297  29   3   0  284   0   0   0   0   8   2   0   0   0   0   0  93
Aleix_Garcia  29 spa  1  5 13  5 26 711 708 289 787   3   0  272   0   0   0   0   8   4   1   0   0   0   0  93
R_Andrich     32 ger  1  5 12  3 38 366 935 272 324   3   3   37   0   0   0   1   0   0   0   0   0   0   0 100
J_Hofmann     34 ger  1  2 11  5 18 235 335 427 120   1   1   22   1   0   0   0   1   1   0   2   0   0   0 100
C_Kofane      20 cam  1  3  7 15 20 522 785 212 488   3   0  249   0   0   0   2   2  18   1   0   0   0   0 100
Ernest_Poku   23 hol  2  2  6 14 18  38 297 579 447   3   0  267   0   0   0   0   3  20   2   0   0   0   0  93
E_Ben_Seghir  22 mor  1  1  5 14 14 345 452 169 134   3   3   52   0   0   0   0   0   5   1   0   0   0   0 100
Patrik_Schick 31 cze  1  3  4 13 36 746 884 532 600   0   0    0   0   0   0   0   0   0   0   0   0   0   0 100
Nathan_Tella  27 nig  1  1  5 12 20 218 348 203 660   0   0    0   0   0   0   0   0   0   0   0   0   0   0 100
