Name         Age Nat St Tk Ps Sh Ag KAb TAb PAb SAb Gam Sub  Min Mom Sav Con Ktk Kps Sht Gls Ass  DP Inj Sus Fit
----------------------------------------------------------------------------------------------------------------
Senne_Lammens 24 bel 15  1  2  1 22 759 998 153 611  12   0 1170   0  98  32   0   0   0   0   0   0   0   0 100
E_Harrison    21 eng 11  2  2  1 22 808   9 163 621   0   0    0   0   0   0   0   0   0   0   0   0   0   0 100
O_Mingueza    28 spa  1 15  7  7 20 360 179 729 697  12   0 1170   2   0   0  14  10  15   4   4   0   0   0  96
Yaan_Bisseck  26 ger  2 14  6  2 38 116 264 616 617   8   0  691   0   0   0   7   7   2   1   2   4   0   0  96
Lenny_Yoro    21 fra  1 14  6  2 36 660 844 684 288   9   0  650   0   0   0   5   5   8   0   1   2   0   0 100
M_de_Ligt     27 hol  1 14  6  2 38 908 103 256  47   7   0  693   0   0   0  12   7   3   1   2   6   0   0  96
T_Gabriel     22 por  1 13  5  3 37 650 328 721  21   3   3   66   0   0   0   2   0   0   0   0   0   0   0 100
Louis_Jackson 21 sco  1 11  5  1 36 382 245 409 843   4   4   91   0   0   0   1   0   0   0   0   0   0   0 100
T_Fredricson  22 eng  1 11  4  2 38 918 611 906  98   0   0    0   0   0   0   0   0   0   0   0   0   0   0 100
Ederson       27 BRA  1  7 15  6 32 618 135 411 135  12   0 1057   1   0   0   5  25   9   3   2   4   0   0 100
A_Touchameni  27 fra  1  7 15  3 30 353 103 209 853   8   1  561   0   0   0   1  17   2   0   0   2   0   0 100
Kobbie_Mainoo 22 eng  1  6 14  6 25 718 604 691 477  10   2  852   1   0   0   2  27  10   4   5   0   0   0 100
A_Bouaddi     19 mor  1  6 14  6 28 638 513 393 597   3   0  289   0   0   0   1   3   1   0   1   0   0   0 100
B_Guimaraes   29 BRA  1  6 14  6 30 650 268 701 739  11   0 1075   1   0   0   4  34  12   4   3  10   0   0 100
M_Fernandes   22 por  1  6 14  6 25 718 281 246 706   9   7  407   0   0   0   1  12   4   0   2   2   0   0 100
Joel_Medina   19 arg  1  5 13  5 26 268 508 684 855   3   0  283   0   0   0   0   6   4   2   1   0   0   0  96
Bryan_Mbeumo  27 cam  1  2  6 15 20 871  52 123 676  11   0 1077   0   0   0   1   8  49   6   1  12   0   0  96
Raphinha      29 bra  1  1  6 15 20 404 391 502 399   9   1  764   0   0   0   0   4  30   4   1   0   0   0  96
Rodrygo       25 bra  1  1  6 15 22 961 373 733 319  10   1  845   0   0   0   0   5  43   6   1   2   0   0 100
L_Guilherme   21 bra  1  2  6 14 18 265 800 123  32   2   1  115   0   0   0   0   3   5   1   2   0   0   0 100
Shea_Lacey    20 eng  2  2  5 12 18 193 705 481 132   7   4  355   0   0   0   2   1  10   1   0   2   0   0 100
T_Thompson    19 eng  1  2  5 12 18 278 908 605 430   0   0    0   0   0   0   0   0   0   0   0   0   0   0 100
