Name         Age Nat St Tk Ps Sh Ag KAb TAb PAb SAb Gam Sub  Min Mom Sav Con Ktk Kps Sht Gls Ass  DP Inj Sus Fit
----------------------------------------------------------------------------------------------------------------
J_Pickford    33 eng 13  1  1  1 24 172 660 660 660   4   0  380   0  14   1   0   0   0   0   0   0   0   0 100
A_Flores      22 spa 11  1  2  1 22 178 893  73 531   0   0    0   0   0   0   0   0   0   0   0   0   0   0 100
Orjun_Nyland  36 nor  9  1  1  1 20 980 634 634 634   0   0    0   0   0   0   0   0   0   0   0   0   0   0 100
J_Sanchez     23 spa  1 14  6  4 16 570 190 490 932   4   0  380   1   0   0   0   1   2   1   0   0   0   0  96
J_A_Carmona   25 spa  1 14  6  5 18 818 178 452 487   4   0  380   1   0   0   3   3   3   1   0   0   0   0  96
Gabriel_Suazo 29 chl  1 13  5  5 16 852 278 699  38   4   0  380   0   0   0   2   2   0   0   0   0   0   0  96
Oso           23 spa  1 13  5  5 14 204 315 838  14   4   0  279   0   0   0   2   1   0   0   0   2   0   0 100
Kike_Salas    25 spa  2 13  6  2 38  26 100 557 450   4   1  335   0   0   0   2   2   1   0   0   4   0   0 100
T_Nianzou     24 fra  1 12  6  1 38 278 104 677 668   3   3   51   0   0   0   0   0   0   0   0   0   0   0 100
Lucien_Agoume 25 FRA  1  6 15  3 32 628 312 306 314   4   0  380   1   0   0   1  12   2   0   1   0   0   0  96
E_Eze         28 ENG  1  2 14 11 22 660 616 247  13   4   0  380   0   0   0   0   7   6   1   0   0   0   0  96
Batista_Mendy 27 fra  1  6 14  2 36 693 140  74 597   4   3   96   0   0   0   0   0   0   0   0   0   0   0 100
Nico_Guillen  19 spa  1  5 14  5 32 628 676 191 346   4   1  284   0   0   0   0   6   0   0   2   0   0   0 100
Djibril_Sow   30 swi  2  4 12  6 26  88 398 566  94   0   0    0   0   0   0   0   0   0   0   0   0   0   0 100
Manu_Bueno    22 spa  1  5 12  4 28 381 154 109 139   0   0    0   0   0   0   0   0   0   0   0   0   0   0 100
Jaden_Sancho  27 eng  1  2  8 15 20 270 617 166 248   4   0  380   0   0   0   0   1  10   1   0   2   0   0  96
Ruben_Vargas  28 swi  1  1  6 15 20 557 423 618 179   4   0  344   1   0   0   1   2  10   1   0   0   0   0 100
Akor_Adams    27 nig  2  4  5 14 28  73 187 760 282   4   3  131   0   0   0   0   0   1   0   0   0   0   0 100
Isaac_Romero  26 spa  1  3  5 13 28 781 992   5 357   0   0    0   0   0   0   0   0   0   0   0   0   0   0 100
Chidera_Ejuke 29 nig  1  1  4 12 18 263 383 937 737   0   0    0   0   0   0   0   0   0   0   0   0   0   0 100
P_Fernandez   24 spa  1  3  5 11 32 263 583 337 737   0   0    0   0   0   0   0   0   0   0   0   0   0   0 100
