Name         Age Nat St Tk Ps Sh Ag KAb TAb PAb SAb Gam Sub  Min Mom Sav Con Ktk Kps Sht Gls Ass  DP Inj Sus Fit
----------------------------------------------------------------------------------------------------------------
G_Vicario     30 ita 13  1  2  1 22 922 893  98 531   4   0  378   0  29  13   0   0   0   0   0   0   0   0 100
A_Kinsky      24 cze 12  1  1  1 20 169 644 669 644   3   0  278   0  18   8   0   0   0   0   0   0   0   0 100
B_Austin      28 eng 10  2  1  1 20 605  30 702 472   0   0    0   0   0   0   0   0   0   0   0   0   0   0 100
G_Scalvini    23 ita  1 14  6  1 36 560 681 727 757   6   0  564   0   0   0  11   3   2   0   1   2   0   0 100
Jon_Martin    21 spa  1 14  6  2 36 929 437 454  23   3   0  286   0   0   0   3   0   2   0   0   0   0   0 100
C_Lukeba      24 fra  1 14  5  2 37 595 356 739 975   1   0   94   0   0   0   2   0   0   0   0   0   0   0 100
Pedro_Porro   27 spa  2 13  6  5 18  36 990 697 680   5   0  470   0   0   0   4   4   4   1   1   0   0   0 100
C_Romero      29 arg  1 13  5  2 38 828 587 929  47   3   0  284   0   0   0   1   4   1   0   0   0   0   0 100
D_Udogie      24 ita  1 13  5  5 18 862 637 635 156   3   0  276   0   0   0   3   0   2   0   0   0   0   0 100
Kevin_Danso   28 aut  1 12  5  1 38 280 340  68 820   0   0    0   0   0   0   0   0   0   0   0   0   0   0 100
Souza         20 bra  1 12  5  3 20 260 964 268 816   1   0   92   0   0   0   1   0   1   0   0   0   0   0 100
Xavi_Simons   24 HOL  1  3 15  7 22 638 174 631 973   7   0  656   1   0   0   0  17  14   3   0   2   0   0 100
L_Bergvall    21 SWE  1  5 15  6 26 703 708 353 316   7   0  656   0   0   0   3  17   6   1   2   0   0   0 100
Lamine_Camara 23 sen  1  6 14  6 28 618 537 332 317   6   2  402   1   0   0   8   7   6   2   1   0   0   0 100
Pape_M_Sarr   24 sen  1  5 14  3 28 411 113 257 647   5   0  465   0   0   0   1  11   8   0   1   2   0   0 100
Leon_Goretzka 31 ger  1  6 14  7 30 217 986 654  39   5   0  479   1   0   0   1   8   4   0   1   0   0   0 100
Kees_Smit     21 hol  1  5 14  5 26 245 183  47 745   6   0  598   0   0   0   3  12   2   1   0   2   0   0 100
Adam_Wharton  23 eng  1  6 13  5 24 750 262 313 238   4   1  289   0   0   0   3  10   4   0   4   2   0   0 100
Matheus_Cunha 27 bra  1  3  6 14 20 647 600 921 500   5   1  370   1   0   0   0   0  27   6   0   2   0   0 100
Brian_Brobbey 25 hol  1  3  7 14 30 250 586 216 212   6   0  505   1   0   0   0   4  21   3   0   4   0   0 100
Oscar_Bobb    24 nor  1  2  6 13 20 246 604 370 890   5   1  379   2   0   0   1   0  22   5   0   0   0   0 100
Amad_Diallo   24 ivo  1  1  5 13 14 390 517 188 696   0   0    0   0   0   0   0   0   0   0   0   0   0   0 100
