Name         Age Nat St Tk Ps Sh Ag KAb TAb PAb SAb Gam Sub  Min Mom Sav Con Ktk Kps Sht Gls Ass  DP Inj Sus Fit
----------------------------------------------------------------------------------------------------------------
Carlos_Miquel 28 bra 13  1  1  1 20 239 230 238 250   2   0  189   0   7   3   0   0   0   0   0   0   0   0 100
M_Hermansen   26 den 12  1  2  1 22 382 843  23 481   0   0    0   0   0   0   0   0   0   0   0   0   0   0 100
A_Areola      34 fra 10  1  1  1 20 155 640 611 611   0   0    0   0   0   0   0   0   0   0   0   0   0   0 100
Willian_Pacho 25 ecu  1 14  6  1 36 217 598 408 602   2   0  189   0   0   0   1   0   1   0   0   0   0   0  86
Alexsandro    27 bra  1 13  7  1 34 530 885 123 644   2   0  189   0   0   0   5   0   0   0   0   0   0   0  86
Juan_Fedorco  26 arg  1 13  7  1 36 203 706 331 608   2   0  140   0   0   0   2   0   2   1   0   0   0   0  93
L_Di_Lollo    23 arg  1 13  6  1 34 213  92 266 435   2   1  144   0   0   0   2   0   0   0   0   0   0   0  93
Danilo_Veiga  24 bra  1 12  6  4 20 595 933 231 838   1   0   45   0   0   0   0   0   0   0   0   0   0   0 100
Khellven      26 bra  1 12  6  4 16 215 517  61 900   1   1   50   0   0   0   1   0   0   0   0   0   0   0 100
Martinelli    25 bra  1  6 14  2 34 319 442 173 806   2   0  189   0   0   0   1   3   0   0   0   0   0   0  86
Manuel_Ugarte 26 uru  2  5 14  3 34  48 751  73 957   2   0  189   1   0   0   0   9   2   0   1   0   0   0  86
C_Ordonez     22 arg  1  6 14  5 30 485 781  11 607   2   1  144   0   0   0   1   4   1   0   1   0   0   0 100
Hercules      26 bra  1  4 13  6 26 227 960 991 596   2   0  139   0   0   0   0   3   0   0   0   2   0   0  99
Joel_Medina   19 arg  1  5 13  5 26 228 441 535 779   1   0   94   0   0   0   0   0   3   2   0   0   0   0 100
M_Delgado     22 arg  1  6 12  2 36 215 235 895 710   0   0    0   0   0   0   0   0   0   0   0   0   0   0 100
Tomas_Soucek  32 cze  2  5 12  2 34  48 370  74 558   0   0    0   0   0   0   0   0   0   0   0   0   0   0 100
M_Pellegrino  25 arg  1  4  6 14 30 425 833 138 123   2   0  189   0   0   0   0   1   5   1   0   0   0   0  86
Wallace_Yan   22 bra  1  3  6 14 24 217 552 797 158   2   0  152   0   0   0   0   1   3   0   0   2   0   0  93
L_Guilherme   21 bra  1  2  6 13 18 225 750  18 922   1   1   37   0   0   0   0   1   2   0   1   0   0   0 100
Pablo         23 bra  1  3  6 12 28 340 450  95 388   0   0    0   0   0   0   0   0   0   0   0   0   0   0 100
