Name         Age Nat St Tk Ps Sh Ag KAb TAb PAb SAb Gam Sub  Min Mom Sav Con Ktk Kps Sht Gls Ass  DP Inj Sus Fit
----------------------------------------------------------------------------------------------------------------
Manuel_Neuer  40 ger 15  1  1  1 22  39 547 816 793   6   0  570   0  39  15   0   0   0   0   0   2   0   0 100
Jonas_Urbig   23 ger 13  1  1  1 20 832 917 300 785   0   0    0   0   0   0   0   0   0   0   0   0   0   0 100
Sven_Ulreich  38 ger 11  1  1  1 20 159 697 836 204   0   0    0   0   0   0   0   0   0   0   0   0   0   0 100
A_Davies      25 can  1 14  6  5 20 927 195 279 496   6   0  518   0   0   0   6   8   8   2   0   4   0   0  80
D_Upamecano   27 fra  1 14  5  1 38 750 583 615 444   6   1  525   0   0   0   7   3   1   0   0   0   0   0  80
Jonathan_Tah  30 ger  1 14  5  1 38 973 883 264 621   5   0  473   0   0   0   7   3   2   0   0   0   0   0  80
Kim_Min-Jae   29 kor  1 13  5  1 38 164 219 357 664   5   0  269   0   0   0   1   3   0   0   0  12   0   0 100
Hiroki_Ito    27 jap  1 13  5  2 34 189 873 273 718   6   3  385   0   0   0   5   3   1   0   0   0   0   0  94
J_Stanisic    26 cro  1 13  5  3 28 615 428 306 877   3   1  240   0   0   0   3   2   2   0   0   2   0   0  94
Jamal_Musiala 23 ger  1  2 15 10 20 885 750 822 958   6   0  529   0   0   0   0  13   8   0   1   2   0   0  96
J_Kimmich     31 ger  1  6 15  5 32 820 792 652 359   5   0  477   0   0   0   1  12   3   0   1   0   0   0 100
I_Saibari     25 mar  1  3 14  8 24 436 220 149 145   6   1  467   1   0   0   1  13  11   2   2   2   0   0  93
Konrad_Laimer 29 aut  1  6 13  5 34 926 712 474 187   4   0  331   1   0   0   0   8   1   0   2   0   0   0  94
A_Pavlovic    22 ger  1  5 13  4 30 457 312 778 318   5   2  333   0   0   0   1   8   1   0   0   0   0   0  94
Tom_Bischof   21 ger  1  4 12  5 24 789 713 616 566   1   1   52   0   0   0   0   1   0   0   0   0   0   0 100
Lennart_Karl  18 ger  1  1 12  6 18 925 336 809 368   0   0    0   0   0   0   0   0   0   0   0   0   0   0 100
A_Ibrahimovic 20 ger  1  2 11  6 20 300 855 620 902   0   0    0   0   0   0   0   0   0   0   0   0   0   0 100
Felipe_Chavez 19 per  1  2 11  5 18 753 796 920 172   0   0    0   0   0   0   0   0   0   0   0   0   0   0 100
Harry_Kane    33 eng  1  3  6 16 30 550 645 274  20   5   0  342   0   0   0   1   0  23   2   0   2   0   0 100
Michael_Olise 24 fra  1  1  7 15 20 616 380 157 803   6   2  480   1   0   0   0   2  27   4   0   2   0   0  94
Luis_Diaz     29 col  1  1  6 14 20 932 229 234 550   3   1  221   0   0   0   0   1   6   0   0   0   0   0 100
Serge_Gnabry  31 ger  1  1  5 13 22 605 338 182 572   0   0    0   0   0   0   0   0   0   0   0   0   0   0 100
