Name         Age Nat St Tk Ps Sh Ag KAb TAb PAb SAb Gam Sub  Min Mom Sav Con Ktk Kps Sht Gls Ass  DP Inj Sus Fit
----------------------------------------------------------------------------------------------------------------
Leandro_Brey  23 arg 12  1  1  1 20 278 123 942 583   4   0  372   0  11   5   0   0   0   0   0   0   0   0 100
A_Marchesin   38 arg 12  1  1  1 22 694 297 109 878   0   0    0   0   0   0   0   0   0   0   0   0   0   0 100
J_Garcia      39 arg 11  1  1  1 20 688 927 347 706   0   0    0   0   0   0   0   0   0   0   0   0   0   0 100
L_Advincula   36 per  1 13  5  4 24 322 868  99 930   3   0  278   0   0   0   3   0   4   0   0   2   0   0 100
A_Costa       27 arg  1 13  5  1 36 334 432 759 196   3   0  278   0   0   0   0   1   1   0   0   0   0   0 100
M_Rojo        36 arg  1 12  5  1 38 845 302 297 218   3   0  280   0   0   0   2   3   0   0   0   0   0   0  88
N_Figal       32 arg  1 12  5  1 36 650 927 480 665   3   0  231   0   0   0   5   2   0   0   0   0   0   0  93
L_Blanco      27 arg  1 12  5  4 20 347 734 471 534   3   1  234   0   0   0   3   0   0   0   0   0   0   0  93
J_Barco       27 arg  1 12  5  3 20 287 620 889 261   3   0  232   0   0   0   2   2   2   1   0   0   0   0  88
J_Saracchi    28 uru  1 12  5  4 20 385 154 566 724   2   1  140   0   0   0   0   1   2   0   0   0   0   0 100
M_Weigandt    26 arg  1 11  4  3 22 544 345 704 263   0   0    0   0   0   0   0   0   0   0   0   0   0   0 100
L_Paredes     32 arg  1  5 15  5 30 201 122  54 532   3   0  278   1   0   0   1   7   4   0   2   0   0   0 100
K_Zenon       25 arg  1  2 13  6 20 368 769 682 921   3   0  279   2   0   0   0   8   1   1   3   0   0   0  93
E_Fernandez   34 arg  1  5 13  5 30 904 719 331 614   3   0  230   0   0   0   1   7   3   0   1   0   0   0 100
A_Herrera     27 arg  1  5 13  4 30 605 992 496 160   3   1  234   0   0   0   1   3   1   0   0   2   0   0 100
M_Delgado     23 arg  1  5 13  3 28 721 729  11 595   1   0   93   0   0   0   0   3   1   0   0   0   0   0 100
A_Alarcon     22 chi  1  4 12  5 24 424 727 411 133   1   0   45   0   0   0   0   0   0   0   0   0   0   0 100
C_Palacios    25 chi  1  2 12  7 22 914 342 272 859   1   1   48   0   0   0   1   1   2   0   0   0   0   0 100
E_Zeballos    24 arg  1  1  5 14 18 972 142 834 173   3   0  280   1   0   0   0   4  22   4   0   0   0   0  88
M_Merentiel   30 uru  1  2  4 14 28 210 190 816  15   4   0  229   0   0   0   1   2   8   2   0   0   0   0  93
E_Cavani      39 uru  1  3  5 13 32 175 147 515 386   4   3  237   0   0   0   0   1  11   0   0   0   0   0  93
M_Gimenez     30 arg  1  3  4 12 28 345 377 884 368   1   0   45   0   0   0   1   0   0   0   0   0   0   0 100
B_Aguirre     23 arg  1  1  5 12 18 581 875 856 596   1   1   49   0   0   0   0   1   0   0   0   0   0   0 100
L_Janson      31 arg  1  1  5 12 20 155 126 267 509   0   0    0   0   0   0   0   0   0   0   0   0   0   0 100
J_Ceballos    21 arg  1  2  4 11 18 750 807 894 736   0   0    0   0   0   0   0   0   0   0   0   0   0   0 100
