Name         Age Nat St Tk Ps Sh Ag KAb TAb PAb SAb Gam Sub  Min Mom Sav Con Ktk Kps Sht Gls Ass  DP Inj Sus Fit
----------------------------------------------------------------------------------------------------------------
Fabio         45 bra 13  1  1  1 22 586 960 167 677   4   0  384   0  14   4   0   0   0   0   0   0   0   0 100
Vitor_Eudes   27 bra 11  1  1  1 20 294 215 501 573   0   0    0   0   0   0   0   0   0   0   0   0   0   0 100
M_Pitaluga    23 bra 11  1  1  1 20 962 420 189 793   0   0    0   0   0   0   0   0   0   0   0   0   0   0 100
Thiago_Silva  41 bra  1 14  6  1 40 658 289 435 502   4   0  384   0   0   0   3   1   0   0   0   0   0   0  74
J_Freytes     26 arg  1 13  5  1 36 154 604 139 541   3   0  243   0   0   0   5   0   0   0   0  10   0   1 100
Ignacio       29 bra  1 12  6  1 36 770 617  26 470   3   0  239   0   0   0   0   3   1   0   0   0   0   0  97
Manoel        36 bra  1 12  4  1 38 924 997 231 279   3   1  244   0   0   0   1   0   0   0   0   2   0   0 100
Samuel_Xavier 36 bra  1 12  5  4 22 313 453 960 337   3   0  235   0   0   0   4   0   1   0   0   0   0   0  93
Guga          27 bra  1 12  5  4 20 289 290 412 590   3   1  194   0   0   0   2   1   3   0   0   0   0   0 100
Diogo_Barbosa 33 bra  1 12  5  4 22 466 326 411 906   2   1  148   0   0   0   2   0   0   0   0   0   0   0 100
Rene          33 bra  1 12  5  3 22 843  11 354 217   1   0   95   0   0   0   3   0   0   0   0   0   0   0  93
Andre         25 bra  1  6 15  4 32 495 659  17 961   4   0  384   1   0   0   2   3   4   2   0   2   0   0  74
Ganso         36 bra  1  2 13  7 22 529 549 508 351   3   0  289   0   0   0   0   5   5   0   1   2   0   0 100
Lima          30 bra  1  3 12  5 26 494 487 724 145   3   0  236   0   0   0   1   6   0   0   1   0   0   0 100
Nonato        28 bra  1  4 12  5 26 915 598 447 204   4   1  339   0   0   0   1   4   4   1   0   0   0   0  88
Jhon_Arias    28 col  1  1  6 14 20 938 543 897 664   3   0  250   0   0   0   0   1   5   1   0   0   0   0 100
Canobbio      27 uru  1  1  5 13 20 537 626 860 967   4   1  224   0   0   0   1   0   4   1   0   0   0   0  93
G_Cano        38 arg  1  3  4 13 30 948 451 816 497   3   2  198   0   0   0   0   0   0   0   0   0   0   0  93
Keno          36 bra  1  1  5 12 20 952 952 231 769   1   0   45   0   0   0   0   0   0   0   0   0   0   0 100
Kevin_Serna   28 col  1  1  5 12 18 482 484 930 907   1   1   50   0   0   0   0   2   0   0   0   0   0   0 100
Everaldo      35 bra  1  3  4 12 30 773 816 106 717   0   0    0   0   0   0   0   0   0   0   0   0   0   0 100
Kaua_Elias    20 bra  1  2  4 12 20 881 378 277 977   0   0    0   0   0   0   0   0   0   0   0   0   0   0 100
Isaac         22 bra  1  1  4 11 18 147 953 220 630   0   0    0   0   0   0   0   0   0   0   0   0   0   0 100
