Name         Age Nat St Tk Ps Sh Ag KAb TAb PAb SAb Gam Sub  Min Mom Sav Con Ktk Kps Sht Gls Ass  DP Inj Sus Fit
----------------------------------------------------------------------------------------------------------------
Rodrigo_Rey   35 arg 12  1  1  1 22 617 573 821 180   4   0  384   0  15   9   0   0   0   0   0   0   0   0 100
J_Blazquez    25 arg 11  1  1  1 20 629 946 588 559   0   0    0   0   0   0   0   0   0   0   0   0   0   0 100
L_Lavagnino   21 arg 10  1  1  1 18 928 801 310 852   0   0    0   0   0   0   0   0   0   0   0   0   0   0 100
K_Lomonaco    24 arg  1 13  5  1 36 610 401 265 299   4   0  335   0   0   0   8   4   1   0   0   0   0   0  84
Leo_Godoy     31 arg  1 13  5  4 22 379  29 413 463   3   0  288   0   0   0   3   5   2   1   0   0   0   0  85
S_Valdez      30 arg  1 13  5  1 36 835  33 355 209   4   1  288   0   0   0   5   2   0   0   0   0   0   0  91
F_Zabala      27 arg  1 12  5  4 20 601 492 533 758   3   0  235   1   0   0   5   5   1   0   0   0   0   0  99
S_Arias       34 col  1 12  5  4 22 168 255 202 772   3   1  243   0   0   0   4   2   4   0   0   2   0   0 100
Juan_Fedorco  25 arg  1 12  4  1 34 722 851 331 695   3   1  245   0   0   0   4   2   1   0   0   0   0   0  91
N_Freire      32 arg  1 11  4  1 36 826 409 825  86   0   0    0   0   0   0   0   0   0   0   0   0   0   0 100
M_Valenzuela  27 arg  1 11  5  4 20 858 363 957 423   0   0    0   0   0   0   0   0   0   0   0   0   0   0 100
R_FernandezC  30 uru  1  6 12  3 32 101 809 750 849   3   0  290   0   0   0   1   5   2   0   2   0   0   0  91
Ivan_Marcone  36 arg  1  6 12  3 34 222 476 811 761   4   0  292   0   0   0   3   9   3   0   2   0   0   0  91
F_Mancuello   37 arg  1  3 12  5 26 453 215 642 840   3   1  241   0   0   0   0   4   1   0   0   0   0   0 100
L_Millan      20 chi  1  2 12  6 20 177 960 182 316   4   1  227   0   0   0   0   2   2   0   0   0   0   0 100
L_Cabral      31 chi  1  2 12  7 22 184 777 792 315   3   2  200   0   0   0   0   7   4   1   0   0   0   0 100
Mateo_PerezC  20 arg  1  2 11  5 18 902 593 767 821   0   0    0   0   0   0   0   0   0   0   0   0   0   0 100
I_Malcorra    38 arg  1  2 11  6 22 453 517 447 760   0   0    0   0   0   0   0   0   0   0   0   0   0   0 100
Joel_Medina   18 arg  1  3 10  4 18 392 793 390 920   0   0    0   0   0   0   0   0   0   0   0   0   0   0 100
Matias_Abaldo 22 uru  1  1  5 14 18 515  84 926 214   4   0  384   1   0   0   0   1  22   3   0   0   0   0  74
S_Montiel     25 arg  1  1  5 12 18 610 190 469 518   2   0  194   0   0   0   0   2  18   1   0   0   0   0  91
M_Gutierrez   22 chi  1  1  5 12 18 642 852 836 754   2   0  139   0   0   0   0   1   2   0   0   2   0   0 100
I_Pussetto    30 arg  1  2  4 12 28 345 193 305 607   2   1  145   0   0   0   1   0   2   0   0   2   0   0 100
G_Avalos      35 par  1  3  4 12 30 617 871 445 952   1   0   94   0   0   0   0   0   2   0   0   0   0   0 100
F_Valdez      20 arg  1  1  4 10 18 821 623 676 249   0   0    0   0   0   0   0   0   0   0   0   0   0   0 100
