Name         Age Nat St Tk Ps Sh Ag KAb TAb PAb SAb Gam Sub  Min Mom Sav Con Ktk Kps Sht Gls Ass  DP Inj Sus Fit
----------------------------------------------------------------------------------------------------------------
L_Chevalier   24 fra 14  1  1  1 22 281 772 710 446   3   0  288   0   6   2   0   0   0   0   0   0   0   0 100
M_Safonov     27 rus 13  1  1  1 22 253 647 809 756   0   0    0   0   0   0   0   0   0   0   0   0   0   0 100
A_Longoni     18 fra 11  1  1  1 18 702 266 473 379   0   0    0   0   0   0   0   0   0   0   0   0   0   0 100
A_Hakimi      27 mar  1 14  7  6 22 712 519 659 693   2   0  190   0   0   0   0   0   1   0   0   0   0   0 100
Marquinhos    32 bra  1 14  6  1 38 124 837 642 659   3   0  240   0   0   0   1   1   1   0   0   0   0   0  89
Nuno_Mendes   24 por  1 14  6  5 20 532 374 636 307   3   1  243   0   0   0   3   1   3   1   0   2   0   0  91
L_Beraldo     22 bra  1 13  6  1 34 268 720 669 532   3   0  183   0   0   0   1   0   0   0   0   0   0   0 100
I_Zabarnyi    23 ukr  1 13  5  1 36 714 878 612 998   3   2  198   0   0   0   1   0   1   0   0   0   0   0 100
L_Hernandez   30 fra  1 13  5  2 36 166 990 176 786   1   0   93   0   0   0   3   2   0   0   0   0   0   0 100
Vitinha       26 por  1  4 15  6 24 593 963 362 811   2   0  190   0   0   0   1   5   0   0   0   0   0   0 100
Joao_Neves    21 por  1  6 14  5 30 623 632 266 572   2   0  132   0   0   0   1   4   0   0   0  10   0   0  91
Fabian_Ruiz   30 spa  1  4 14  5 28 716 524 734 630   3   0  236   0   0   0   1   1   2   1   0   2   0   0  86
Pablo_Barrios 23 spa  1  6 14  6 32 518 332 392  43   3   1  243   1   0   0   1   7   2   0   1   0   0   0  86
W_Zaire-Emery 20 fra  1  5 13  5 30 766 167 406 722   2   0   90   0   0   0   0   3   0   0   1   0   0   0 100
Kang_In_Lee   25 kor  1  2 13  7 20 174 928 459 483   2   2  101   0   0   0   0   3   1   0   0   0   0   0 100
Senny_Mayulu  20 fra  1  3 12  5 22 784 279 602 517   0   0    0   0   0   0   0   0   0   0   0   0   0   0 100
Dro_Fernandez 18 spa  1  2 11  5 18 845 697 521 940   0   0    0   0   0   0   0   0   0   0   0   0   0   0 100
O_Dembele     29 fra  1  1  7 15 20 487 250 938 364   3   0  288   0   0   0   0   0  11   0   0   0   0   0  78
Yan_Diomande  20 ivo  1  2  6 15 21 385  15  77 522   7   1  629   3   0   0   0   1  25   5   0   2   0   0  75
Desire_Doue   21 fra  1  1  7 14 18 322 726 400 523   2   0  195   0   0   0   0   1   0   0   0   0   0   0  91
Ibrahim_Mbaye 18 fra  1  1  5 12 16 764 865 353 924   0   0    0   0   0   0   0   0   0   0   0   0   0   0 100
Q_Ndjantou    19 fra  1  1  4 11 18 403 734 840 561   0   0    0   0   0   0   0   0   0   0   0   0   0   0 100
