Name         Age Nat St Tk Ps Sh Ag KAb TAb PAb SAb Gam Sub  Min Mom Sav Con Ktk Kps Sht Gls Ass  DP Inj Sus Fit
----------------------------------------------------------------------------------------------------------------
Franco_Armani 39 arg 14  1  1  1 22  10 796 790 778   3   0  280   0  21   8   0   0   0   0   0   0   0   0 100
S_Beltran     21 arg 12  1  1  1 20 148 811 413 510   0   0    0   0   0   0   0   0   0   0   0   0   0   0 100
E_Centurion   29 arg 11  1  1  1 20  83 878 369 414   0   0    0   0   0   0   0   0   0   0   0   0   0   0 100
G_Montiel     29 arg  1 13  5  4 22 561 746 848 374   3   0  231   0   0   0   2   0   1   0   0   2   0   0  94
L_Martinez    30 arg  1 13  5  1 38 541 580 955 642   2   0  131   0   0   0   1   0   0   0   0  10   0   0 100
P_Diaz        32 chi  1 13  5  1 38 704 650 260 677   2   0  187   0   0   0   4   1   0   0   0   0   0   0  93
M_Acuna       34 arg  1 13  6  4 24 300 856 270  91   3   0  244   0   0   0   4   0   0   0   0   2   0   0  88
S_Boselli     22 uru  1 12  5  1 34 353 283 750 851   2   1  130   0   0   0   1   0   0   0   0   0   0   0  93
M_Casco       38 arg  1 11  5  3 22 386 228 372 651   1   1   49   0   0   0   2   1   0   0   1   0   0   0 100
L_Gonzalez    21 arg  1 11  5  1 32 573 761 813 111   0   0    0   0   0   0   0   0   0   0   0   0   0   0 100
G_Meza        21 arg  1 10  5  3 20 681 115 869 264   0   0    0   0   0   0   0   0   0   0   0   0   0   0 100
I_Fernandez   36 arg  1  3 13  5 26 816 497 670 680   3   0  280   0   0   0   0   6   1   1   0   0   0   0  83
S_Simon       24 arg  1  4 13  5 26 779 867 468 590   3   0  237   0   0   0   1   4   1   0   2   0   0   0  98
E_Perez       40 arg  1  6 12  3 34 669 159 943 780   3   1  229   0   0   0   0   4   2   0   1   0   0   0  96
M_Lanzini     33 arg  1  2 12  6 22 935 859 905 664   2   0  186   0   0   0   0   2   1   0   0   0   0   0 100
C_Echeverri   20 arg  1  1 12  7 18 272 107 526 557   2   0  186   0   0   0   0   2   2   0   0   2   0   0 100
P_Solari      25 arg  1  1  5 13 18 807 121 597 451   3   0  232   0   0   0   0   3   6   2   1   0   0   0  88
F_Colidio     26 arg  1  1  5 13 20 568 140 667 395   3   1  187   0   0   0   0   2   4   2   0   2   0   0  93
Miguel_Borja  33 col  1  3  4 13 30  93 283 566 291   2   1  142   0   0   0   0   3   5   1   0   2   0   0  93
A_Bareiro     30 par  1  3  4 12 30 943 826 422 722   1   0   94   1   0   0   0   2   6   2   1   0   0   0  93
A_Ruberto     20 arg  1  2  4 11 20 723 406 189 793   0   0    0   0   0   0   0   0   0   0   0   0   0   0 100
I_Subiabre    19 arg  1  1  5 11 18 354 430 276 389   0   0    0   0   0   0   0   0   0   0   0   0   0   0 100
