Name         Age Nat St Tk Ps Sh Ag KAb TAb PAb SAb Gam Sub  Min Mom Sav Con Ktk Kps Sht Gls Ass  DP Inj Sus Fit
----------------------------------------------------------------------------------------------------------------
T_Courtois    34 bel 14  1  1  1 22 879 947 279 632   6   0  572   0  32  10   0   0   0   0   0   0   0   0 100
A_Lunin       27 ukr 13  1  1  1 20 447 558 129 759   0   0    0   0   0   0   0   0   0   0   0   0   0   0 100
D_Dumfries    30 hol  1 14  6  5 24 595 379 821 368   4   0  379   0   0   0   5   5   4   0   1   0   0   0  94
I_Konate      27 fra  1 14  5  1 38 375 673 915 881   4   0  379   0   0   0   6   6   0   0   0   0   0   0  94
M_Cucurella   28 spa  1 14  6  4 24 297 529 565 274   4   0  379   0   0   0   6   1   6   0   0   0   0   0  94
E_Militao     28 bra  1 14  5  1 38 341 287 343 164   4   0  331   0   0   0   1   5   0   0   0   4   0   0 100
Trent_AA      27 eng  1 13  8  5 22 535 939 743 521   4   1  291   1   0   0   2   5   4   0   1   0   0   0 100
R_Asencio     23 spa  1 13  5  1 34 276 604 960 438   3   1  220   0   0   0   2   2   1   0   1  10   0   0 100
A_Carreras    23 spa  1 13  6  4 20 324 749 910 508   2   0  143   0   0   0   1   1   1   0   0   0   0   0 100
A_Rudiger     33 ger  1 13  5  1 40 512 293 165 520   3   1  140   0   0   0   0   1   0   0   0   0   0   0 100
F_Mendy       31 fra  1 13  5  3 22 558 388 314 190   2   2  101   0   0   0   0   1   0   0   0   2   0   0 100
Dean_Huijsen  21 spa  1 13  6  1 34 747 923 719 776   0   0    0   0   0   0   0   0   0   0   0   0   0   0 100
E_M_Diouf     21 sen  1 13  5  4 16 849  33 537 356   0   0    0   0   0   0   0   0   0   0   0   0   0   0 100
J_Bellingham  23 eng  1  5 15  9 30 484 875 610 363   5   0  429   0   0   0   0  12   5   0   1   4   0   0  91
F_Mastantuono 19 arg  1  3 14 10 18 650   1 625 449   6   3  403   2   0   0   2  10  20   2   0   2   0   0 100
E_Camavinga   23 fra  1  6 14  4 30 513 196 693 907   4   0  379   0   0   0   1  14   1   1   1   2   0   0  94
F_Valverde    28 uru  1  5 14  7 32 764 558 187 109   4   0  347   0   0   0   2   7   5   2   1   0   0   0 100
Arda_Guler    21 tur  1  2 13  7 20 433 894 141 495   5   1  267   0   0   0   0   3   3   0   0   0   0   0  94
Brahim_Diaz   27 mar  1  1 13  8 20 801 494 158 419   4   3  246   0   0   0   1   4   4   0   0   0   0   0  94
J_v_der_Berg  19 hol  1  5 11  5 24 198   6 358 317   0   0    0   0   0   0   0   0   0   0   0   0   0   0 100
Dan_Gore      21 eng  1  3 11  4 30 215 433 176 950   0   0    0   0   0   0   0   0   0   0   0   0   0   0 100
K_Mbappe      27 fra  1  1  6 15 26 657 945 334 277   4   0  379   0   0   0   1   5  25   1   0   2   0   0  94
Vinicius_Jr   26 bra  1  1  6 15 20 522 291 381 323   5   0  440   1   0   0   1   1  16   3   0   2   0   0  85
G_Garcia      22 spa  1  2  5 13 26 825 927 451 754   2   0   90   0   0   0   0   0   1   0   0   0   0   0 100
Endrick       20 bra  1  2  4 13 24 944 976 602 525   2   2   98   1   0   0   0   0   6   3   0   0   0   0 100
R_van_Bommel  21 hol  1  1  4 12 12 711 751 350   6   0   0    0   0   0   0   0   0   0   0   0   0   0   0 100
