Name         Age Nat St Tk Ps Sh Ag KAb TAb PAb SAb Gam Sub  Min Mom Sav Con Ktk Kps Sht Gls Ass  DP Inj Sus Fit
----------------------------------------------------------------------------------------------------------------
Mike_Maignan  31 fra 14  1  1  1 22 592 777 636 628   6   0  569   0  19   5   0   0   0   0   0   0   0   0 100
L_Torriani    21 ita 11  1  1  1 18 192 801 437 587   0   0    0   0   0   0   0   0   0   0   0   0   0   0 100
Fikayo_Tomori 28 eng  1 13  5  2 36 842 503 752 345   4   0  379   0   0   0   3   2   0   0   0   0   0   0 100
P_Estupinan   28 ECU  1 13  5  4 22 757 321 923 881   5   0  473   0   0   0   7   3   1   0   0   2   0   0  89
S_Pavlovic    25 srb  1 13  6  1 38 803 907  62 159   5   0  473   0   0   0   1   2   1   0   0   0   0   0  88
Mario_Gila    25 spa  1 13  5  2 36 263 589 660  42   5   0  473   0   0   0   5   3   1   0   0   2   0   0  89
K_De_Winter   24 bel  1 12  6  2 34 156 573   6 187   2   0  190   0   0   0   1   1   0   0   0   0   0   0  86
Matteo_Gabbia 26 ita  1 12  5  1 36 496 429 640 655   1   0   96   0   0   0   2   1   0   0   0   0   0   0  93
D_Bartesaghi  20 ita  1 12  5  3 18 347  31 924 999   1   0   96   0   0   0   0   0   0   0   0   0   0   0  93
Z_Athekame    21 swi  1 11  5  4 18 138 963 251 344   1   0   96   0   0   0   0   1   0   0   1   0   0   0  93
David_Odogu   20 ger  1 11  4  1 30 219 597 878 782   0   0    0   0   0   0   0   0   0   0   0   0   0   0 100
Luka_Modric   40 cro  1  3 14  7 22 561 521 781  12   2   1  112   0   0   0   0   1   2   0   0   0   0   0  93
C_Pulisic     27 usa  1  2 13  8 20 502 431 390 462   5   0  473   0   0   0   0   3   4   0   0   0   0   0  89
Adrien_Rabiot 31 fra  1  6 13  6 30 479  27 515 196   4   0  379   0   0   0   1   4   4   0   0   2   0   0  74
Y_Fofana      27 fra  1  6 13  4 32 506 725 781 570   6   0  569   1   0   0   6   7   1   0   0   4   0   0  64
Samuele_Ricci 24 ita  1  5 13  4 28 975 980 939 664   5   0  473   0   0   0   0   5   1   0   0   2   0   0  89
A_Jashari     24 swi  1  5 12  5 28 391 949 641   8   1   0   96   0   0   0   1   1   0   0   0   0   0   0  93
R_LoftusCheek 30 eng  1  4 12  5 28 569 885 730 401   0   0    0   0   0   0   0   0   0   0   0   0   0   0 100
A_Sael'ekers  27 bel  1  2 12  6 20 178 983 294 282   0   0    0   0   0   0   0   0   0   0   0   0   0   0 100
Yunus_Musah   23 usa  1  5 12  5 24 131  32 328 629   0   0    0   0   0   0   0   0   0   0   0   0   0   0 100
Warren_Bondo  22 fra  1  5 11  4 26 250 153 368 837   1   1   18   0   0   0   0   0   0   0   0   0   0   0 100
F_Pandolfi    18 ita  1  4 11  3 20 280 615 610 610   0   0    0   0   0   0   0   0   0   0   0   0   0   0 100
Rafael_Leao   27 por  1  1  6 14 20 568 432 844 381   5   0  426   0   0   0   0   3   7   1   0   0   0   0  99
S_Gimenez     25 MEX  1  3  5 14 28 923 240 742 277   3   0  273   1   0   0   3   0  12   3   0   2   0   0  93
C_Nkunku      28 fra  1  2  6 13 22 784 942 191 917   3   0  240   0   0   0   0   1   2   0   1   0   0   0 100
Goncalo_Ramos 25 por  1  4  5 13 28 534  35 650 623   4   1  296   0   0   0   1   1   5   0   0   2   0   0 100
S_Chukwueze   27 nga  1  1  5 12 18 505 838 470 349   3   3   59   0   0   0   0   0   2   1   0   0   0   0 100
A_Guernier    19 fra  1  2  4 11 18 880  34 279 973   0   0    0   0   0   0   0   0   0   0   0   0   0   0 100
T_Valenta     18 ita  1  1  4 11 16 672 780 658 958   0   0    0   0   0   0   0   0   0   0   0   0   0   0 100
