Name         Age Nat St Tk Ps Sh Ag KAb TAb PAb SAb Gam Sub  Min Mom Sav Con Ktk Kps Sht Gls Ass  DP Inj Sus Fit
----------------------------------------------------------------------------------------------------------------
M_Carnesecchi 26 ita 13  1  1  1 22 492 788 967 426   6   0  571   0  18   7   0   0   0   0   0   0   0   0 100
M_Sportiello  35 ita 10  1  1  1 20 100 539 539 539   0   0    0   0   0   0   0   0   0   0   0   0   0   0 100
Isak_Hien     28 swe  1 13  5  2 38 930 606 871 282   5   0  475   0   0   0   9   2   2   0   0   2   0   0  86
H_Ahanor      19 ita  1 13  6  2 38 723 196  15 347   6   0  522   0   0   0  11   1   3   0   0   0   0   0  74
S_Kolasinac   33 bos  1 12  5  1 34 109 444 104 563   6   1  526   0   0   0   7   5   1   0   0   2   0   0  75
O_Kossounou   26 ivo  1 12  5  1 36 757 785 745 837   6   1  526   1   0   0   7   5   1   0   0   2   0   0  75
B_Djimsiti    34 alb  1 11  4  1 36 845 852 446 560   4   0  329   0   0   0   5   1   0   0   0   0   0   0 100
C_D_Ketelaere 26 bel  1  2 13  5 16 598 903 935 950   4   0  383   1   0   0   2   5   3   1   0   0   0   0  93
L_Samardzic   25 ser  1  3 13  4 21 175 191 284 909   5   0  423   0   0   0   1  11   2   1   0   4   0   0  86
F_Anguissa    31 cam  2  4 13  4 34  23 431 376 923   5   1  393   0   0   0   2   7   4   0   2   0   0   0  93
I_Sangare     29 ivo  1  6 13  2 38 307 203 566 935   5   0  473   0   0   0   3  10   2   0   1   2   0   0  93
N_Zalewski    25 pol  1  2 12  5 18 992 343 610 982   3   1  127   0   0   0   0   2   1   0   0   0   0   0 100
Yunus_Musah   24 usa  2  4 12  4 28 306 982 616 401   2   2  101   0   0   0   0   2   2   0   0   2   0   0 100
Eljif_Elmas   27 mac  1  2 12  3 18 205 617 825 983   0   0    0   0   0   0   0   0   0   0   0   0   0   0 100
J_Palhinha    31 por  1  5 12  3 26 240 248 362 799   1   1   13   0   0   0   0   0   0   0   0   0   0   0 100
E_J_Kroupi    20 fra  1  1  6 13 18 565 808 272 796   4   0  332   1   0   0   0   1  14   1   1   0   0   0 100
Richarlison   30 bra  1  3  5 13 26 706 838 646 742   5   2  350   0   0   0   0   1   5   1   0   0   0   0 100
G_Raspadori   27 ita  1  3  5 13 28 686 821 733  16   2   1   94   1   0   0   0   3   3   1   2   0   0   0 100
G_Scamacca    28 ita  1  3  6 12 28 462 303 481 588   5   1  279   0   0   0   0   0   7   0   0   0   0   0 100
N_Krstovic    27 mon  1  4  6 12 30 977 171 327 603   4   3  246   0   0   0   0   6   7   2   0   2   0   0 100
K_Sulemana    25 gha  1  1  5 12 14 285 409 121 541   1   0   45   0   0   0   0   0   1   0   0   0   0   0 100
W_Odabert     22 fra  1  1  5 12 20 223 453 301 552   0   0    0   0   0   0   0   0   0   0   0   0   0   0 100
