Name         Age Nat St Tk Ps Sh Ag KAb TAb PAb SAb Gam Sub  Min Mom Sav Con Ktk Kps Sht Gls Ass  DP Inj Sus Fit
----------------------------------------------------------------------------------------------------------------
John_Victor   31 bra 13  1  1  1 17  23 440 440 440   3   0  283   0   5   2   0   0   0   0   0   0   0   0 100
Tom_McGill    27 can 11  2  1  1 20 615  30 677 472   0   0    0   0   0   0   0   0   0   0   0   0   0   0 100
JP_Van_Hecke  26 HOL  1 15  6  1 36 330 969 946 825   4   0  377   0   0   0  11   1   1   0   0   0   0   0  93
Marcos_Senesi 30 ARG  1 14  7  1 38 790 492 367 436   4   0  377   0   0   0   7   6   0   0   0   2   0   0  93
C_Tasker      21 eng  1 14  5  5 16 670 173 837 172   4   0  327   0   0   0   4   0   2   1   0   0   0   0  93
Mats_Weiffer  27 hol  2 13  6  5 18  36 762 277 425   5   2  350   0   0   0   3   1   2   0   0   2   0   0  97
F_Kadioglu    27 tur  1 13  5  5 18 828 478 778  23   3   1  238   0   0   0   2   3   1   0   0   2   0   0 100
O_Boscagli    29 fra  1 12  6  1 40 214 220 164 724   1   0   95   0   0   0   2   0   0   0   0   0   0   0 100
Igor_Julio    29 bra  1 12  4  1 32 950 432 673 706   1   0   95   0   0   0   0   1   0   0   0   0   0   0 100
Adam_Webster  32 eng  1 11  4  1 36 280 958 820 770   1   0   94   0   0   0   2   0   0   0   0   0   0   0  93
Diego_Gomez   24 par  2  4 15  5 24  98 566 551 518   4   0  377   0   0   0   0   4   4   0   1   0   0   0  93
D_Kulusevski  27 swe  2  2 14  4 24 361 851 426 828   3   0  283   0   0   0   0   6   2   0   0   0   0   0 100
Carlos_Baleba 23 cam  1  6 14  2 34 638 458 537 950   4   0  329   1   0   0   2  12   0   0   3   0   0   0  93
J_Hinshelwood 22 eng  1  5 14  3 36 756 755  80 504   4   1  282   0   0   0   1   4   1   0   1   2   0   0  93
Harry_Howell  19 eng  1  3 13  6 14 502 295 490 595   3   1  240   0   0   0   0   5   0   0   0   0   0   0 100
R_Mendoza     22 spa  2  4 13  6 26  23 497  27  23   2   1  162   0   0   0   0   3   0   0   0   0   0   0  97
K_Mitoma      29 jap  1  2  5 15 16 791  30 946  13   5   1  365   0   0   0   1   1  11   1   0   2   0   0 100
J_Alvarez     27 arg  1  3  6 14 28 492 404 846 380   4   0  262   1   0   0   0   0   6   1   0   2   0   0 100
Moise_Kean    27 ita  1  3  6 14 28 552 508 568  15   4   2  199   0   0   0   1   0   9   2   0   0   0   0 100
Matias_Soule  24 arg  2  2  6 13 20  68 278 456 942   3   1  173   0   0   0   0   1   5   2   0   0   0   0 100
Danny_Welbeck 36 eng  1  3  5 12 32 280 530  54 506   1   0   95   0   0   0   0   0   2   0   0   0   0   0 100
