Name         Age Nat St Tk Ps Sh Ag KAb TAb PAb SAb Gam Sub  Min Mom Sav Con Ktk Kps Sht Gls Ass  DP Inj Sus Fit
----------------------------------------------------------------------------------------------------------------
Oliver_Dovin  23 swe 11  1  2  1 22 333 742   8 961   7   0  664   0  15  16   0   0   0   0   0   0   0   0 100
C_Rushworth   25 eng 11  1  1  1 22 900 224 401 260   3   0  282   0   4   7   0   0   0   0   0   0   0   0 100
Bobby_Thomas  25 eng  1 12  5  2 36 236 803 253  37  10   0  946   0   0   0   8   4   2   0   0   0   0   0 100
N_Mazraoui    29 mor  1 12  5  5 20 320 844 311   7  10   0  946   0   0   0  10   3   3   0   0   2   0   0 100
Caio_Henrique 29 bra  1 12  5  5 18 975 667  73 515   8   0  756   0   0   0  12   4   7   0   0   0   0   0 100
Liam_Kitching 26 eng  1 11  5  2 36 539 707 878  25   7   0  656   1   0   0   5   6   2   2   0  10   0   0 100
L_Woolfenden  27 eng  1 11  5  1 34 925 254 975 611  10   0  946   0   0   0   5   6   1   0   0   2   0   0 100
M_van_Ewijk   25 hol  1 11  6  4 18 412 986   4 419   5   0  385   0   0   0   2   2   3   0   0   0   0   0 100
C_Chukwuemeka 23 aut  1  5 13  4 34 351  21 110 624   6   0  564   0   0   0   0  11   1   0   3  12   0   0 100
Jack_Rudoni   25 eng  1  3 12  6 22 706 398 540 376   1   1   88   0   0   0   0   2   0   0   1   0   0   0 100
M_Coulibaly   23 fra  1  5 12  5 28 696 562 962 621   9   0  850   0   0   0   2  20   4   1   1   0   0   0 100
Romain_Esse   21 eng  1  2 12  6 18 784 901  66 521   1   0   94   0   0   0   0   3   3   1   0   0   0   0 100
Mario_Pasalic 32 cro  1  4 12  5 26 220 995 664 200   8   0  756   0   0   0   0  12   1   0   2   2   0   0 100
T_Sakamoto    29 jap  1  2 11  6 18 709 817 242 330   0   0    0   0   0   0   0   0   0   0   0   0   0   0 100
Josh_Eccles   26 eng  1  5 11  3 30 263 942 582 875   5   3  256   0   0   0   1   7   0   0   0   2   0   0 100
Victor_Torp   27 den  1  4 11  5 26 868 672 679 746   8   6  326   0   0   0   0   6   3   1   1   0   0   0 100
Koke          35 spa  1  5 11  4 34 351 627 289 369   0   0    0   0   0   0   0   0   0   0   0   0   0   0 100
Haji_Wright   28 usa  1  2  5 13 28 430 789 693 341  10   0  745   1   0   0   1   2  24   4   0   0   0   0 100
Marcus_Thuram 29 fra  2  4  6 13 32  73 328 407 657   6   0  565   0   0   0   3   1  17   3   0   2   0   0 100
Ellis_Simms   25 eng  1  3  4 13 30 657 586 762  89   2   0  190   0   0   0   1   1   5   1   0   2   0   0 100
R_Najera      24 mex  1  1  6 12 18 677 631 879 453   1   0   97   0   0   0   0   2   2   0   0   0   0   0 100
Y_Min-Hyeok   20 kor  1  1  5 11 16 317 532 719 898   1   0   94   0   0   0   0   1   4   0   0   2   0   0 100
E_Mason-Clark 26 jam  1  1  5 11 18 956 573 564 820   0   0    0   0   0   0   0   0   0   0   0   0   0   0 100
