Name         Age Nat St Tk Ps Sh Ag KAb TAb PAb SAb Gam Sub  Min Mom Sav Con Ktk Kps Sht Gls Ass  DP Inj Sus Fit
----------------------------------------------------------------------------------------------------------------
Gregor_Kobel  29 swi 14  1  1  1 22 319 813 992 451   8   0  767   0  36   8   0   0   0   0   0   2   0   0 100
P_Drewes      34 ger 10  1  1  1 20 928 564 564 564   0   0    0   0   0   0   0   0   0   0   0   0   0   0 100
N_Sch'terbeck 27 ger  1 14  6  1 36 500 131 432 677   7   0  672   0   0   0  10   6   4   0   0   2   0   0 100
J_Ryerson     29 NOR  1 14  5  5 18 748 384 236 145   7   0  618   0   0   0   9   5   6   0   0  10   0   0 100
A_Kabar       20 ger  1 13  6  4 20 193 177 276 723   5   0  481   0   0   0   7   5   3   1   1   2   0   0 100
W_Anton       30 ger  1 12  6  1 36 782 947 455 627   7   0  669   0   0   0  10   3   0   0   0   4   0   0 100
R_Bensebaini  32 alg  1 12  5  1 34 134 425 121 658   5   0  325   0   0   0   3   2   2   0   0   0   0   0 100
D_Svensson    25 swe  1 12  6  5 18 955 831 480 464   8   3  581   1   0   0   8  10   3   0   0   2   0   0 100
Niklas_Sule   31 ger  1 11  5  1 38 208 721 281 489   2   2   94   0   0   0   0   1   2   0   0   0   0   0 100
Felix_Nmecha  26 ger  1  6 15  6 32 558 253 161 628   7   0  669   0   0   0   2  12   8   0   3   0   0   0 100
Bernard_Silva 32 por  1  2 14  9 22 188 367 392 183   7   0  621   0   0   0   1   4   9   1   0   0   0   0 100
Archie_Gray   20 ENG  1  6 14  5 20 590 133  69 371   5   3  269   0   0   0   0   7   2   0   0   0   0   0 100
Yan_Couto     24 bra  2  2 13  4 26  18 402 727 947   5   1  384   0   0   0   0   3   0   0   1   0   0   0 100
Lewis_Miley   20 eng  1  6 13  5 20 590 132 408 287   4   0  385   0   0   0   1  10   2   0   2   0   0   0 100
Julian_Brandt 31 ger  1  3 13  5 20 676 114  35 192   1   0   95   0   0   0   1   1   0   0   0   0   0   0 100
K_Kvara'helia 25 geo  1  1  7 14 20 462 302 201 845   3   0  263   0   0   0   0   2  12   3   0   0   0   0 100
Max_Beier     24 ger  1  4  5 14 28 711  85 973 346   6   0  525   1   0   0   2   5  14   2   0   0   0   0 100
Fabio_Silva   24 por  1  3  5 14 34 310 539  99  31   5   1  284   0   0   0   0   0   8   2   0   4   0   0 100
S_Guirassy    31 gui  2  4  6 13 30   3 169 187 606   5   3  290   0   0   0   0   1   7   0   0   0   0   0 100
