Name         Age Nat St Tk Ps Sh Ag KAb TAb PAb SAb Gam Sub  Min Mom Sav Con Ktk Kps Sht Gls Ass  DP Inj Sus Fit
----------------------------------------------------------------------------------------------------------------
Kaua_Santos   24 bra 12  1  2  1 22 538 823   3 461   7   0  667   0  37  11   0   0   0   0   0   0   0   0 100
A_Siljevic    20 bos 11  1  1  1 20 196 959 607 402   0   0    0   0   0   0   0   0   0   0   0   0   0   0 100
M_Zetterer    31 ger 10  1  1  1 20 450 574 574 574   0   0    0   0   0   0   0   0   0   0   0   0   0   0 100
N_Brown       23 ger  1 14  6  4 16 510 134 344 727   6   1  522   0   0   0   5   4   1   0   0   2   0   0  91
Arthur_Theate 26 bel  1 14  7  1 38 758 172 178 988   6   0  520   0   0   0   8   3   0   0   1   0   0   0  94
N_Collins     23 ger  1 14  6  2 38 965  43 331 343   6   1  523   0   0   0   9   2   0   0   0  14   0   1  85
A_Rudiger     34 ger  1 13  8  1 38 220 629 772 311   5   0  423   1   0   0   5   2   1   0   0   2   0   0 100
Nathan_Ake    32 hol  1 12  5  2 28 600 541 990 663   4   1  273   0   0   0   1   0   3   0   0  10   0   0 100
A_Amenda      23 swi  1 12  4  1 26 880 381 603 711   3   0  285   0   0   0   4   1   0   0   0   0   0   0 100
Keita_Kosugi  21 jap  1 13  5  5 20 210  14 361 264   5   1  341   0   0   0   3   2   2   0   0   0   0   0 100
Robin_Koch    30 ger  1 11  6  1 38 792 872 161 600   1   0   45   0   0   0   1   0   0   0   0   0   0   0 100
Can_Uzun      21 tur  1  3 13  5 25 568 200 790 970   6   0  472   0   0   0   0  10   2   1   0   0   0   0  85
O_Hutchinson  23 eng  1  2 13  5 21 415 920 144 507   2   0  190   0   0   0   0   5   2   0   2   2   0   0  86
Ellyes_Skhiri 32 swi  1  5 12  3 38 341 809 476 328   4   0  256   0   0   0   2   8   1   0   2  10   0   0  91
Fares_Chaibi  24 alg  2  2 12  5 20  28 406 520 866   6   4  292   0   0   0   1   6   1   0   1   0   0   0 100
Oscar_Hojlund 22 den  1  5 12  5 26 686 465 688 397   2   2  100   0   0   0   0   2   0   0   0   0   0   0 100
Mario_Goetze  34 ger  1  2 11  5 20 320 317 220 185   0   0    0   0   0   0   0   0   0   0   0   0   0   0 100
A_Kalimuendo  25 fra  1  3  4 14 36 721 978 796 691   4   0  384   1   0   0   1   2  19   1   0   2   0   0  91
J_Burkhardt   26 ger  1  3  6 13 20 497 428 631 620   5   0  379   0   0   0   0   2   9   3   0   0   0   0  91
Ansgar_Knauff 25 ger  1  2  5 13 20 193 462 353 275   6   2  482   0   0   0   0   2   9   2   0   2   0   0  91
C_Hudson-Odoi 26 eng  1  2  5 13 20 230 926 359 796   2   0  187   0   0   0   0   0   7   0   0   0   0   0 100
Ritsu_Doan    28 jap  1  1  5 12 14 320 359 152 670   2   0  192   0   0   0   0   0   3   1   0   0   0   0 100
