Name         Age Nat St Tk Ps Sh Ag KAb TAb PAb SAb Gam Sub  Min Mom Sav Con Ktk Kps Sht Gls Ass  DP Inj Sus Fit
----------------------------------------------------------------------------------------------------------------
Diogo_Costa   27 por 14  1  2  1 22 256 903  73 521  10   0  982   0  26  12   0   0   0   0   0   0   0   0 100
Claudio_Ramos 35 por 11  1  1  1 20  84 654 644 634   0   0    0   0   0   0   0   0   0   0   0   0   0   0 100
Jakub_Kiwior  27 pol  1 14  6  1 36 570 247 224 584   7   0  636   0   0   0   7   2   0   0   0   2   0   0 100
Joel_Ordonez  23 ecu  1 14  6  5 26 242 196 107 910   9   0  762   1   0   0   7   3   4   0   0   4   0   0 100
F_Moura       27 POR  1 14  6  4 16 852 461 813 933   8   0  639   1   0   0   5   8   2   0   2   2   0   0 100
M_Fernandes   21 POR  1 14  6  5 20 204 616 216 214   7   0  638   0   0   0   8   4   3   0   0   2   0   0 100
Alberta_Costa 23 por  1 13  6  5 18 818 190  62 246   8   6  405   0   0   0   4   2   0   0   0   0   0   0 100
Nehuen_Perez  26 arg  2 13  6  2 38  26 191 381 415   4   1  342   0   0   0   4   0   0   0   0   0   0   0 100
D_Prpic       21 cro  1 13  5  1 36 170 403 447 395   4   1  349   0   0   0   3   2   0   0   0   0   0   0 100
Jan_Bednarek  31 pol  1 12  4  1 36 940 174 579 684   1   0   55   0   0   0   0   0   0   0   0   0   0   0 100
Z_Sanusi      29 nig  1 11  5  4 18 278 840 496 607   1   0   61   0   0   0   0   0   0   0   0   0   0   0 100
Dinis         21 por  1 11  4  5 18 280 415 405 395   0   0    0   0   0   0   0   0   0   0   0   0   0   0 100
Rodrigo_Mora  20 por  1  3 14  6 16 628 483 842 239   8   0  705   1   0   0   2   9   3   1   1   0   0   0 100
V_Froholdt    21 den  2  4 14  5 26  88 696 437 181   7   0  608   0   0   0   0  10   5   0   1  14   0   0 100
Alan_Varela   25 arg  1  6 14  2 38 693 256 231 619   7   0  589   1   0   0   1  16   0   0   2   4   0   0 100
A_Ouedraogo   20 ger  1  5 13  7 22 660 118 519 780   7   0  610   0   0   0   0   5   7   4   0   2   0   0 100
J_Manzambi    21 swi  1  4 13  6 28 222 898 741  71   9   2  657   0   0   0   0   9   5   0   0   0   0   0 100
Gabri_Veiga   24 spa  1  3 13  5 20 746 338 189 676   6   4  323   0   0   0   0   4   1   1   0   0   0   0 100
Kaue          21 bra  1  5 13  4 26 158 540 786 637   7   3  507   0   0   0   1   4   5   1   0   0   0   0 100
Pablo_Rosario 30 hol  1  4 12  2 34 401 926 737 459   1   0  129   0   0   0   0   2   0   0   1   0   0   0 100
S_Aghehowa    23 spa  1  3  6 14 32 557 616 827 560   4   1  362   0   0   0   1   4   9   1   0   0   0   0 100
Borja_Sainz   26 spa  2  2  6 14 20  73 321 609 475   8   0  629   0   0   0   0   1  21   4   0   0   0   0 100
Deniz_Gul     21 tur  1  3  4 13 32 160 415 516 750   2   2   95   0   0   0   0   0   2   0   0   0   0   0 100
William_Gomez 21 bra  1  2  4 13 21 781 307 816 988   7   3  442   0   0   0   1   0   7   1   0   2   0   0 100
Pepe          30 bra  1  1  4 12 18 380 424 959 459   2   1  124   0   0   0   0   0   0   0   0   0   0   0 100
Yaan_Karamoh  28 fra  1  1  5 11 20 381 505 290 731   1   1   32   0   0   0   0   1   0   0   0   0   0   0 100
