Name         Age Nat St Tk Ps Sh Ag KAb TAb PAb SAb Gam Sub  Min Mom Sav Con Ktk Kps Sht Gls Ass  DP Inj Sus Fit
----------------------------------------------------------------------------------------------------------------
Phillip_Kohn  29 swi 12  1  1  1 22 998 803 982 441   7   0  672   0  33  11   0   0   0   0   0   2   0   0 100
J_Stawiecki   20 fra 10  1  1  1 21 431 554 554 554   0   0    0   0   0   0   0   0   0   0   0   0   0   0 100
K_Trippier    36 eng  1 14  7  7 20 190 466 419 461   7   0  441   0   0   0   7   3   5   0   1   0   0   0 100
Vanderson     25 bra  1 14  6  6 16 914 304 440  47   7   0  672   0   0   0  12   6   5   0   0   0   0   0  85
K_Ouattara    22 fra  1 13  5  5 16 124 429 716  75   4   0  385   0   0   0   8   2   2   0   0   0   0   0 100
E_C-Bitshiabu 22 fra  1 13  5  1 39 615 271 941 867   1   0   95   0   0   0   2   0   0   0   0   0   0   0  98
Jordan_Teze   27 hol  1 12  6  4 18 772 250 418 740   0   0    0   0   0   0   0   0   0   0   0   0   0   0 100
C_Mawissa     22 fra  1 12  5  1 38 758 677 823 918   5   5  166   0   0   0   2   2   0   0   0   4   0   0 100
H_Haroldsson  24 ice  1  2 14  5 16 613 970 302   1   5   0  414   0   0   0   1  12   0   0   2  10   0   0  94
Denis_Zakaria 30 swi  1  6 13  2 34 613  41 531 619   7   0  672   0   0   0   1  11   3   1   1   2   0   0  85
A_Golovin     30 rus  2  2 13  5 16   8 303 327 799   0   0    0   0   0   0   0   0   0   0   0   0   0   0 100
Krepin_Diatta 28 sen  1  2 12  4 21 321 671 781 582   0   0    0   0   0   0   0   0   0   0   0   0   0   0 100
Y_Bissouma    30 mal  1  5 12  2 30 198 355 658 506   7   0  672   0   0   0   1  16   3   1   0   0   0   0  85
J_Maddison    30 eng  1  1 12  6 21 283 476 778 459   6   0  574   1   0   0   0  12   4   1   2   4   0   0  98
Stanis_Idumbo 21 bel  1  2 12  5 18 321 991 158 739   3   0  288   1   0   0   0   5   2   0   2   0   0   0 100
F_Balogun     25 usa  1  4  6 14 26 992 241 860 918   7   0  672   1   0   0   0   2  26   4   0   2   0   0  85
D_Solanke     29 eng  2  4  6 14 32  13 205 366  20   5   1  395   0   0   0   0   2  11   1   0   0   0   0 100
M_Akliouche   25 fra  1  1  6 14 20 497 443 758  90   5   0  339   1   0   0   0   2  11   3   0   0   0   0 100
H_Igamane     24 mor  1  4  6 13 26 992 262 325  68   0   0    0   0   0   0   0   0   0   0   0   0   0   0 100
Robino_Vaz    20 fra  1  3  5 13 14 320 668 134   6   4   0  383   1   0   0   0   1  11   3   1   4   0   0  88
