Name         Age Nat St Tk Ps Sh Ag KAb TAb PAb SAb Gam Sub  Min Mom Sav Con Ktk Kps Sht Gls Ass  DP Inj Sus Fit
----------------------------------------------------------------------------------------------------------------
V_M_Savic     30 ser 13  1  2  1 22 469 883  63 501   0   0    0   0   0   0   0   0   0   0   0   0   0   0 100
Alex_Meret    30 ita 13  1  1  1 20 561 634 634 614   7   0  667   0  47  11   0   0   0   0   0   0   0   0 100
A_Buongiorno  27 ita  1 14  6  1 36 550 194 308 628   6   0  434   0   0   0   7   2   1   0   0   4   0   0 100
M_Gutiierrez  25 spa  2 13  6  5 18   6 139 311 695   1   0   94   0   0   0   1   0   2   0   0   0   0   0 100
David_Hancko  29 slo  1 13  6  1 36 550 770 185 557   1   0   73   0   0   0   1   0   0   0   0   0   0   0 100
Sam_Beukema   28 hol  1 13  5  1 34 798 290 768 841   0   0    0   0   0   0   0   0   0   0   0   0   0   0 100
G_Di_Lorenzo  33 ita  1 12  4  4 16 920 206 407 868   6   0  573   0   0   0   5   0   4   2   0   0   0   0 100
M_Kilman      29 eng  2 12  6  2 38   6 755 284 364   7   0  667   0   0   0  17   2   2   0   0   4   0   0 100
Axel_Disasi   29 fra  1 12  6  1 38 832 437 473 716   7   7  160   0   0   0   1   1   0   0   0   0   0   0 100
M_Olivera     29 uru  1 12  5  5 18 832 854 740   6   7   0  667   0   0   0  12   1   4   0   1   2   0   0 100
M_Brescianini 27 ita  1  3 14  5 28 280 670 374 802   7   0  611   0   0   0   0  18   8   1   1   4   0   0 100
Billy_Gilmour 25 sco  1  5 13  2 36 673 165 870 558   0   0    0   0   0   0   0   0   0   0   0   0   0   0 100
Andrey_Santos 23 BRA  1  5 13  6 20 761  27 183 188   7   0  667   0   0   0   0   7   5   1   0   4   0   0 100
A_Vergara     24 ita  1  2 13  5 20 381 988 360  75   7   6  254   0   0   0   1   6   2   0   0   2   0   0 100
Pablo_Fornals 31 spa  1  3 13  5 28 250 530  36 510   1   0   95   0   0   0   1   1   1   0   0   0   0   0 100
L_Bernasconi  23 ita  1  2 13  5 18 233 563  50 733   7   1  511   1   0   0   0   5   7   2   0   0   0   0 100
R_Bellanova   26 ita  1  3 12  6 20 696 352 468 691   4   0  382   1   0   0   1   7   4   1   1   0   0   0 100
Casemiro      35 bra  2  5 12  3 38 451 828 631 539   7   0  569   0   0   0   2   9   6   0   2   4   0   0 100
M_Rashford    29 eng  1  3  7 14 24 322 585 319 562   2   0  174   0   0   0   0   1   4   1   0   0   0   0 100
David_Neres   30 bra  2  2  6 14 18  53 200 554 353   4   0  380   2   0   0   0   2  15   5   1   4   0   0 100
R_Hojlund     24 den  1  3  6 14 30 537 522 677 100   2   0  192   0   0   0   1   0   5   0   0   0   0   0 100
L_Martinez    29 ARG  1  3  6 14 36 557 472 911 363   5   4  167   0   0   0   0   1   8   1   0   0   0   0 100
Giovane       23 bra  1  4  5 13 30 360 262 548 134   0   0    0   0   0   0   0   0   0   0   0   0   0   0 100
