Name         Age Nat St Tk Ps Sh Ag KAb TAb PAb SAb Gam Sub  Min Mom Sav Con Ktk Kps Sht Gls Ass  DP Inj Sus Fit
----------------------------------------------------------------------------------------------------------------
B_Verbruggen  24 hol 14  1  2  1 22 352 888  68 526   6   0  566   0  32   9   0   0   0   0   0   0   0   0 100
Mats_Sels     35 bel 11  1  1  1 20 521 248 205 360   0   0    0   0   0   0   0   0   0   0   0   0   0   0 100
Murillo       24 bra  1 14  5  2 37 525  39 518 949   4   0  377   0   0   0   0   1   1   1   0   0   0   0  75
Jair_Cunha    22 BRA  1 13  6  1 36 505 455 350 619   3   0  283   0   0   0   2   3   1   0   0   0   0   0  80
N_Milenkovic  29 ser  1 13  6  1 36 545 143   4 549   1   0   94   0   0   0   1   1   0   0   0   2   0   0 100
Daniel_Munoz  30 col  1 13  5  5 16 485  66 844 631   4   0  377   0   0   0   3   1   1   0   0   0   0   0  75
Luka_Netz     24 GER  1 13  4  4 25 475  73 914 860   3   0  283   0   0   0   4   4   1   0   0   0   0   0  80
Ola_Aina      30 nig  1 12  5  4 17 495 570 315 637   1   0   94   0   0   0   2   1   0   0   0   0   0   0 100
Y_Gasiorowski 22 spa  1 12  6  1 38 733 651  32 967   0   0    0   0   0   0   0   0   0   0   0   0   0   0 100
Nicolo_Savona 23 ita  1 12  5  4 28 205 790 790 790   0   0    0   0   0   0   0   0   0   0   0   0   0   0 100
Cuiabano      23 bra  1 11  4  4 18 236 940 941 941   0   0    0   0   0   0   0   0   0   0   0   0   0   0 100
S_Altimira    25 spa  1  5 14  6 25 603 659 305 100   3   0  283   0   0   0   2   4   3   3   0   0   0   0  80
W_Estevao     19 bra  1  1 13 10 20 230 130 834 248   3   0  282   0   0   0   0   2   2   0   1   0   0   0  93
M_Gibbs-White 27 eng  1  3 13  8 24 590 599 383 665   5   0  424   1   0   0   1   8   1   0   2   0   0   0  86
Rodri         31 spa  1  5 13  3 34 155 987 639 450   4   0  377   0   0   0   1   8   2   0   0   0   0   0  75
Mason_Mount   28 eng  1  3 13  5 26 661 218 676 871   3   0  283   1   0   0   0   5   5   1   0   2   0   0 100
X_Schlager    28 aut  1  4 13  4 30 138 807 897 837   3   0  283   0   0   0   0   4   2   0   1   0   0   0 100
N_Dominguez   28 arg  1  5 13  4 23 385 102  17 395   1   0   94   0   0   0   0   2   1   0   0   0   0   0 100
Ryan_Yates    29 eng  1  5 12  4 22 385  26 601 160   0   0    0   0   0   0   0   0   0   0   0   0   0   0 100
G_Mikautadze  26 GEO  2  4  6 15 28  48 325 884 701   2   0  183   0   0   0   1   1   4   1   0  10   0   0  93
Dan_Ndoye     26 swi  1  2  5 14 21 325 743 990 479   4   0  377   1   0   0   0   3   6   3   1   0   0   0  75
Igor_Jesus    26 bra  1  3  5 13 26 345 865 396 258   1   0   94   0   0   0   0   0   1   0   0   0   0   0 100
Liam_Delap    23 eng  1  3  6 12 30 345 765 296  45   0   0    0   0   0   0   0   0   0   0   0   0   0   0 100
