Name         Age Nat St Tk Ps Sh Ag KAb TAb PAb SAb Gam Sub  Min Mom Sav Con Ktk Kps Sht Gls Ass  DP Inj Sus Fit
----------------------------------------------------------------------------------------------------------------
K_Tzolakis    23 gre 13  1  1  1 22 283 979 167 203   8   0  757   0  43  18   0   0   0   0   0   0   0   0 100
David_Carmo   27 por  1 13  5  1 38 425 482 874 445   8   0  757   0   0   0   7   7   4   1   0   2   0   0 100
G_Vagiannidis 24 gre  1 13  5  4 20 377 229 307 679   6   0  568   0   0   0  13   3   2   0   1   0   0   0 100
L_Pirola      24 ita  1 12  5  1 36 731 362 852 807   8   0  757   0   0   0  12   7   0   0   0   0   0   0 100
P_Retsos      28 gre  1 11  5  1 36 272 568 864 529   1   0   92   0   0   0   0   4   0   0   0   0   0   0 100
Pablo_Maffeo  29 spa  1 11  6  4 20 932 956  12 666   2   0  189   0   0   0   4   1   2   0   0   0   0   0 100
M_Saliakas    29 gre  1 11  5  4 20 490 667 565 624   0   0    0   0   0   0   0   0   0   0   0   0   0   0 100
F_Ortega      27 arg  1 11  5  4 18 384 181 998 165   1   0   92   0   0   0   2   0   2   0   0   2   0   0 100
Z_Smajlovic   22 bih  1 10  4  1 34 543 848 278 683   0   0    0   0   0   0   0   0   0   0   0   0   0   0 100
S_Hezze       24 arg  1  5 13  4 32 290 617 422 249   8   0  757   0   0   0   7   9   0   0   1   0   0   0 100
C_Mouzakitis  19 GRE  1  4 13  5 20 632 707 164 292   8   0  757   1   0   0   3  13  17   4   1   2   0   0 100
L_Scipioni    21 ARG  1  6 13  3 30 891  54  13 873   6   1  510   0   0   0   3   7   7   1   1   2   0   0 100
Chiquinho     31 por  1  3 12  5 24 800 700 487 740   6   2  386   0   0   0   0   7   8   1   4   0   0   0 100
Giannis_Saris 19 gre  1  6 11  2 34 140 603 889 352   4   0  381   0   0   0   1   6   3   1   0   4   0   0 100
C_Almyras     21 gre  1  4 11  4 26 254 857 937 867   3   0  282   0   0   0   2   3   1   0   1   2   0   0 100
R_Yaremchuk   30 ukr  1  3  4 14 32 337 466  51 155   8   0  757   1   0   0   1   5  24   5   0   2   0   0 100
Jota_Silva    27 por  1  1  6 12 20 365 608 437 746   2   0  154   0   0   0   0   1   9   2   1   2   0   0 100
Ricardo_Pepi  24 usa  1  3  6 12 28 487 256 224 930   4   1  287   0   0   0   0   2   9   0   1   0   0   0 100
Dennis_Man    28 rom  2  2  5 12 20   3  33 990 433   2   1  120   0   0   0   0   0   7   1   0   0   0   0 100
Clayton       27 bra  1  2  6 11 26 965 280  29 854   3   0  280   0   0   0   0   1  11   0   0   0   0   0 100
Andre_Luiz    24 bra  1  1  5 11 18 384 901 622 442   2   0  127   0   0   0   0   1   2   0   0   0   0   0 100
