Name         Age Nat St Tk Ps Sh Ag KAb TAb PAb SAb Gam Sub  Min Mom Sav Con Ktk Kps Sht Gls Ass  DP Inj Sus Fit
----------------------------------------------------------------------------------------------------------------
Matej_Kovar   27 cze 12  1  2  1 22 780 868  28 486   5   0  477   0  22   7   0   0   0   0   0   0   0   0 100
Tom_de_Graff  22 hol 12  1  1  1 20 949 260 263 283   5   0  478   0  16   5   0   0   0   0   0   0   0   0 100
Niek_Schicks  23 hol 11  1  1  1 20 220 619 599 599   0   0    0   0   0   0   0   0   0   0   0   0   0   0 100
Jorrel_Hato   21 hol  1 13  6  6 16 193 962  93 146  10   0  955   1   0   0  12   3   6   1   0   2   0   0 100
Neco_Williams 26 wal  1 13  5  5 19 605 199 818 868   8   0  763   0   0   0   7   0   1   0   0   4   0   0 100
Mats_Rots     21 hol  1 12  6  5 16 197 432  72 192  10   0  955   1   0   0  15   1   4   0   0   0   0   0 100
Joaquin_Says  22 hol  1 12  6  5 18 183 600  96  16   2   0  192   0   0   0   3   1   0   0   0   0   0   0 100
J_Schreuders  22 hol  1 12  6  6 16 210 917 216 103  10   0  955   1   0   0  11   2   4   1   0   2   0   0 100
Matte_Smets   22 hol  1 12  6  1 34 205 109 247 849   0   0    0   0   0   0   0   0   0   0   0   0   0   0 100
K_Nedeljkovic 21 ser  1 12  5  4 20 535 154 873 862   0   0    0   0   0   0   0   0   0   0   0   0   0   0 100
J_Kayi_Sanda  20 fra  1 12  6  1 38 155 136 421 698   0   0    0   0   0   0   0   0   0   0   0   0   0   0 100
E_Anderson    24 eng  1  6 14  5 26 425 422 764 510  10   0  955   0   0   0   3  12   3   0   0   0   0   0 100
Q_Timber      26 hol  1  4 14  6 24 193 878 161 299  10   0  955   0   0   0   1  11   7   0   1   0   0   0 100
M_Nwaneri     20 eng  1  2 13  8 18 615 891 389 618   8   0  766   1   0   0   0  10   5   1   1   0   0   0 100
E_Banzuzi     22 hol  1  4 13  6 26 213 909  84 371  10   0  955   0   0   0   2   9   6   0   0   2   0   0 100
A_Maksimovic  20 ser  1  2 12  4 18 438 947 687 608   8   0  691   0   0   0   2  10   1   0   0  12   0   0 100
Chida_Obi     19 den  1  3  6 13 32 622 877 275 450   5   0  483   0   0   0   0   1   8   1   0   4   0   0 100
Suleman_Sani  20 nig  1  2  6 13 16 395 136 491 107   3   0  288   1   0   0   0   1   7   1   1   0   0   0 100
Mathys_Tel    22 hol  1  3  5 12 24 355 556 128 479   3   0  280   0   0   0   1   0   3   1   0   0   0   0 100
A_Thomas      19 hol  1  2  5 11 20 395 236 546 195   0   0    0   0   0   0   0   0   0   0   0   0   0   0 100
