Name         Age Nat St Tk Ps Sh Ag KAb TAb PAb SAb Gam Sub  Min Mom Sav Con Ktk Kps Sht Gls Ass  DP Inj Sus Fit
----------------------------------------------------------------------------------------------------------------
Mila_Svilar   27 ser 13  1  1  1 22 916 788 967 426   6   0  572   0  16   3   0   0   0   0   0   0   0   0 100
P_Gollini     32 ita 10  1  1  1 20 315 539 539 539   0   0    0   0   0   0   0   0   0   0   0   0   0   0 100
R_Zelezny     20 pol 10  1  1  1 20 116 539 539 539   0   0    0   0   0   0   0   0   0   0   0   0   0   0 100
Evan_Ndicka   27 ivo  1 14  6  1 36 899 162 190 616   6   0  545   0   0   0   9   5   3   1   0   0   0   0 100
Wesley        23 bra  1 14  6  4 16 475 174 397 797   6   0  459   1   0   0   8   5   5   1   0   2   0   0 100
D_Ghilardi    24 ita  1 12  6  2 38 930 603 272 330   1   0   97   0   0   0   0   0   1   0   0   0   0   0 100
J_Ziolkowski  21 pol  1 12  6  1 38 757 650 416 850   5   4  210   0   0   0   1   0   0   0   0   2   0   0 100
Angelino      30 spa  1 12  4  4 20 845 391 490 711   6   1  503   0   0   0  10   2   0   0   0   0   0   0 100
D_Rensch      24 hol  1 12  5  3 18 175 678 279 815   6   0  544   0   0   0   4   5   0   0   1   0   0   0 100
G_Mancini     31 ita  1 12  5  1 38 723  12 597 915   1   1   27   0   0   0   0   0   0   0   0   0   0   0 100
Zeki_Celik    30 tur  1 11  4  4 20 109 975 890 701   0   0    0   0   0   0   0   0   0   0   0   0   0   0 100
N_Pisilli     22 ita  1  4 14  6 20 992 556 145 164   6   0  457   0   0   0   1   9   5   1   0   0   0   0 100
N_El_Aynaoui  25 mor  1  6 13  4 36 598 114 734 536   1   0   97   0   0   0   0   2   0   0   1   0   0   0 100
Yasin_Ayari   23 swe  1  4 13  5 26 613 921 696 812   6   6  138   0   0   0   1   3   0   0   0   0   0   0 100
Youri_Regeer  23 hol  2  5 13  3 36   8 558 254  13   5   0  475   1   0   0   0  14   2   1   3   2   0   0 100
Paul_Wanner   21 aut  1  3 13  6 18 671 488 217 794   6   0  549   0   0   0   0  12   8   0   1   4   0   0 100
L_Pellegrini  30 ita  1  3 12  6 18 651 235 360 509   5   0  475   0   0   0   3   9   2   0   2   2   0   0 100
Kian_Fitz-Jim 23 hol  1  5 11  3 30 190 359 790 591   0   0    0   0   0   0   0   0   0   0   0   0   0   0 100
Marc_Roca     30 spa  1  5 11  2 34 188  64 361 397   0   0    0   0   0   0   0   0   0   0   0   0   0   0 100
Donyell_Malen 28 HOL  1  3  7 14 28 462 417 104 536   5   0  479   3   0   0   2   3  24   8   0   0   0   0 100
Evan_Ferguson 22 ire  1  4  5 14 32 686 122  61 484   6   0  444   1   0   0   0   1  20   3   0   2   0   0 100
G_Rutter      25 FRA  1  4  6 14 28 992 233 572 238   6   5  199   0   0   0   0   0   9   0   0   0   0   0 100
O_Sahraoui    25 mor  1  1  4 13 16 686 955 769  69   1   1   22   0   0   0   0   0   1   0   0   0   0   0 100
Artem_Dovbyk  29 ukr  1  3  5 12 30 158 302 157 541   0   0    0   0   0   0   0   0   0   0   0   0   0   0 100
