Name         Age Nat St Tk Ps Sh Ag KAb TAb PAb SAb Gam Sub  Min Mom Sav Con Ktk Kps Sht Gls Ass  DP Inj Sus Fit
----------------------------------------------------------------------------------------------------------------
Rui_Silva     32 por 13  1  1  1 22 781 198 532 937   6   0  568   0  33  17   0   0   0   0   0   0   0   0 100
Joao_Virginia 26 por 12  1  1  1 20 938 381 908 679   0   0    0   0   0   0   0   0   0   0   0   0   0   0 100
Diego_Callai  22 bra 11  1  1  1 18 907 496 588 422   0   0    0   0   0   0   0   0   0   0   0   0   0   0 100
G_Inacio      24 por  1 15  7  2 36 600  36 250 455   6   1  523   0   0   0  11   3   3   0   1   0   0   0  83
O_Diomande    22 civ  1 14  5  1 38 104 847 202 323   6   0  395   0   0   0   5   1   4   0   0  10   0   1 100
Zeno_Debast   22 bel  1 13  6  2 34 544 375 369 874   5   0  426   0   0   0   6   8   3   0   0  12   0   0  80
Nuno_Santos   31 por  1 13  6  5 20 786  15 310 881   5   0  474   0   0   0   2   7   1   0   0   0   0   0  86
Ivan_Fresneda 21 spa  1 12  5  4 18 818 161 985 835   4   0  332   0   0   0   3   2   2   1   0   0   0   0  99
E_Quaresma    24 por  1 12  5  1 34 506 371 590 477   3   1  280   0   0   0   5   0   0   0   0   0   0   0  93
P_Goncalves   28 por  1  2 14  9 22 478 903 381 809   5   0  433   0   0   0   0  10   5   1   0   0   0   0 100
R_Zalazar     26 uru  1  2 13  7 22 205  99 825 989   5   1  421   0   0   0   0   4   7   3   0   2   0   0  93
Maxi_Araujo   26 uru  1  3 13  6 22 537 272 507 712   5   0  421   0   0   0   0   8   2   0   1   4   0   0  93
G_Koch'shvili 27 geo  1  6 13  4 32 195 869 650 464   4   0  279   0   0   0   0   5   5   1   1   0   0   0 100
D_Braganca    27 por  1  4 13  5 26 614 846 740 620   6   3  341   0   0   0   0   9   2   0   0   0   0   0 100
S_Andersen    22 den  1  5 12  3 28 493 767 382 113   1   1   49   0   0   0   0   1   0   0   0   0   0   0 100
Pedro_Lima    23 bra  1  5 12  4 28 437 373 439 400   1   1   41   0   0   0   0   2   0   0   0   0   0   0 100
Issa_Doumbia  22 ita  1  6 12  3 30 478 813 659 851   0   0    0   0   0   0   0   0   0   0   0   0   0   0 100
Luis_Suarez   28 col  1  3  5 14 30 152 180 711  43   6   4  388   0   0   0   1   1  13   0   0   0   0   0  86
Geny_Catamo   25 moz  1  1  6 13 18 859 148 742 670   5   0  435   0   0   0   0   2  17   0   0   0   0   0  93
F_Ioannidis   26 gre  1  3  5 13 30 973 702 429 867   5   0  275   0   0   0   1   1   9   2   0   2   0   0 100
Rafael_Nel    21 por  1  2  4 11 20 146 691  96 705   1   1   38   0   0   0   0   0   0   0   0   0   0   0 100
