Name         Age Nat St Tk Ps Sh Ag KAb TAb PAb SAb Gam Sub  Min Mom Sav Con Ktk Kps Sht Gls Ass  DP Inj Sus Fit
----------------------------------------------------------------------------------------------------------------
A_Pacileo     17 ita 12  1  1  1 20 164 203 305 305   4   0  381   0  12   7   0   0   0   0   0   0   0   0 100
A_Catalano    18 ita 11  2  2  1 22 508  24 203 661   0   0    0   0   0   0   0   0   0   0   0   0   0   0 100
E_M-Cisse     18 sen  1 13  5  1 34 190  16 893 570   4   0  381   0   0   0   5   1   1   0   0   0   0   0  96
M_Cappelletti 19 ita  1 12  4  5 16 710  16 256  68   4   0  381   0   0   0   5   1   4   1   0   0   0   0  96
Kevin_Mazzeo  18 ita  1 11  4  5 18 958 727 927 333   1   0   96   0   0   0   2   0   2   0   0   0   0   0 100
V_Vladimirov  18 bul  1 11  4  1 34 178 635 635 635   0   0    0   0   0   0   0   0   0   0   0   0   0   0 100
S_Diawara     21 fra  1 11  4  1 30 176 597 375 549   1   0   96   0   0   0   1   0   0   0   0   2   0   0 100
C_Vechiu      18 rom  1 11  5  1 32 192  50  27 293   3   0  285   0   0   0   4   3   0   0   0   0   0   0 100
L_Calvini     16 ita  1 10  4  4 21 196 923 877 905   3   0  285   0   0   0   1   1   3   0   0   0   0   0 100
A_Di_Maria    19 ita  1  3 12  4 28 190 518  25 959   4   0  381   0   0   0   0   9   6   0   1   4   0   0  96
A_Cisse       19 ita  1  2 11  5 18 930 484 779 911   0   0    0   0   0   0   0   0   0   0   0   0   0   0 100
E_Sala        18 ita  1  4 11  4 26 190 568 852 329   4   0  381   1   0   0   1  12   6   2   1   0   0   0  96
Viana_Seedorf 19 bra  1  5 11  4 28 483  51 296 525   4   0  381   0   0   0   1   5   7   1   0   0   0   0  96
R_Grassini    18 ita  1  3 11  4 26 301 304 727 637   4   0  381   0   0   0   0  13   6   0   0   2   0   0  96
A_Di_Siena    15 bra  1  2 11  5 16 281 301  55  70   4   0  346   0   0   0   0   3   6   0   1   0   0   0 100
E_Zanaga      18 ita  1  3  4 11 30 192 328 745 745   1   0   68   0   0   0   1   0   0   0   0   0   0   0 100
L_Ossola      19 ita  1  2  4 11 20 136 225 850 780   2   2   35   0   0   0   0   0   0   0   0   0   0   0 100
Luca_Menon    17 ita  1  1  4 11 16 178 192 679 120   3   0  258   0   0   0   0   2  11   1   0   0   0   0 100
M_Zaramella   17 ita  1  3  4 10 32 301 305 845 845   0   0    0   0   0   0   0   0   0   0   0   0   0   0 100
Levis_Asanji  15 ger  1  3  4 10 28 189 415 789 772   2   2   55   0   0   0   0   2   3   0   0   0   0   0 100
