Name         Age Nat St Tk Ps Sh Ag KAb TAb PAb SAb Gam Sub  Min Mom Sav Con Ktk Kps Sht Gls Ass  DP Inj Sus Fit
----------------------------------------------------------------------------------------------------------------
J_Heerkens    21 hol 11  2  1  1 20 335 300 947 742   0   0    0   0   0   0   0   0   0   0   0   0   0   0 100
Luuk_Beerman  19 hol  1 12  5  5 20 373 529 724 729   0   0    0   0   0   0   0   0   0   0   0   0   0   0 100
A_Bouwman     19 hol  1 12  5  2 34 460 538 622 133   0   0    0   0   0   0   0   0   0   0   0   0   0   0 100
J_Johnson     20 hol  1 11  5  2 34 525 385 794  18   0   0    0   0   0   0   0   0   0   0   0   0   0   0 100
M_Muzunga     19 fra  2 11  5  3 38 306 368 606  62   0   0    0   0   0   0   0   0   0   0   0   0   0   0 100
Ethan_Butera  21 bel  2 10  5  5 18  99 952 109 527   0   0    0   0   0   0   0   0   0   0   0   0   0   0 100
M_Verkuijl    21 hol  1  5 12  2 32 373 618  85 900   0   0    0   0   0   0   0   0   0   0   0   0   0   0 100
M_Abdalla     17 hol  1  5 12  5 32 973 560 396 260   0   0    0   0   0   0   0   0   0   0   0   0   0   0 100
D_v_der_Vaart 21 hol  1  4 11  5 28 550 215 516 798   0   0    0   0   0   0   0   0   0   0   0   0   0   0 100
N_Fernandez   19 bel  1  5 11  5 26 363 516 256 410   0   0    0   0   0   0   0   0   0   0   0   0   0   0 100
Pharell_Nash  19 hol  1  2  5 12 20 837  70 923  17   0   0    0   0   0   0   0   0   0   0   0   0   0   0 100
D-A_Konadu    21 hol  1  4  5 11 18 673  98 276 778   0   0    0   0   0   0   0   0   0   0   0   0   0   0 100
P_Da_Silva    19 hol  1  4  5 11 26 462 240 673 544   0   0    0   0   0   0   0   0   0   0   0   0   0   0 100
Don_O'Niel    20 hol  1  1  5 11 18 458 860 423  54   0   0    0   0   0   0   0   0   0   0   0   0   0   0 100
