Name         Age Nat St Tk Ps Sh Ag KAb TAb PAb SAb Gam Sub  Min Mom Sav Con Ktk Kps Sht Gls Ass  DP Inj Sus Fit
----------------------------------------------------------------------------------------------------------------
Juan_Gomez    16 spa 11  1  1  1 18 860 445 443 457   5   0  475   0  40   9   0   0   0   0   0   0   0   0 100
Javier_Bonar  21 spa  2 12  5  5 18 186 204 644 944   5   0  475   0   0   0   5   3   4   0   0   0   0   0  89
Julio_Diaz    21 spa  1 12  5  5 16 730 497 573 395   5   0  475   0   0   0   9   1   5   1   1   0   0   0  89
Luis_Gil      15 spa  1 11  5  4 20 430 812 951 876   0   0    0   0   0   0   0   0   0   0   0   0   0   0 100
Sergio_Diez   18 spa  1 11  4  2 34 325  71 983 672   5   0  475   0   0   0   5   3   1   1   0   0   0   0  89
Romero_Hueso  16 spa  1 10  4  1 32 250 875 875 326   0   0    0   0   0   0   0   0   0   0   0   0   0   0 100
J_Castillo    21 spa  1  4 11  5 32 430 540 874 850   5   0  475   0   0   0   2   8   1   0   1   0   0   0  89
M_Parriego    21 spa  1  5 11  4 28 430 576 918 882   5   0  475   0   0   0   2  18   2   1   2   0   0   0  89
Romeo_Hueso   20 spa  1  2 11  5 18 418 839 795 708   5   5  185   0   0   0   0  10   2   0   1   0   0   0 100
Javi_Morcillo 21 spa  2  4 11  5 26 248 876 112 326   0   0    0   0   0   0   0   0   0   0   0   0   0   0 100
J_Monseratte  21 spa  1  3 11  5 18 853 289 163  13   5   0  475   1   0   0   0  15   3   2   2   0   0   0  89
Taufik_Seidu  16 spa  1  3 11  4 26 210 872  14 954   5   0  475   0   0   0   0   5   5   0   2   2   0   0  89
Iker_Luque    21 spa  2  2  5 12 20 233 666 690 764   5   0  290   0   0   0   0   1  17   4   0   0   0   0 100
Miguel_Cubo   19 spa  1  4  5 12 18 941 554 133  59   5   0  475   0   0   0   1   1  17   4   0   2   0   0  89
Daniel_Diaz   16 spa  1  1  5 11 21 443 942 769 993   5   0  290   2   0   0   0   2  16   5   0   0   0   0 100
M_Domenech    19 spa  1  3  4 11 30 210 372 672 738   5   5  185   0   0   0   0   0   4   1   0   0   0   0 100
