Name         Age Nat St Tk Ps Sh Ag KAb TAb PAb SAb Gam Sub  Min Mom Sav Con Ktk Kps Sht Gls Ass  DP Inj Sus Fit
----------------------------------------------------------------------------------------------------------------
G_Rest        20 fra 12  1  1  1 18 928 750 750 750   4   0  383   0  17  13   0   0   0   0   0   0   0   0 100
Jack_Porter   18 eng 11  1  2  1 22 658 973 153 611   0   0    0   0   0   0   0   0   0   0   0   0   0   0 100
Marti_Salmon  17 eng  1 12  5  2 36 660 537 530 100   2   0  192   0   0   0   7   2   1   0   1   2   0   0 100
O_Scarles     21 eng  1 12  5  5 16 335 164 394 332   4   2  247   0   0   0   6   2   1   0   0   0   0   0 100
Jaden_Dixon   20 eng  1 12  5  2 38 908 105  67 379   4   2  253   0   0   0   5   0   1   0   0   2   0   0 100
M_Washington  18 eng  1 11  5  4 20 471 915 914 784   3   0  257   0   0   0   4   1   1   0   0   0   0   0 100
Josh_Nicols   20 eng  2 11  5  4 18 116  81 541 894   2   0  192   0   0   0   3   0   3   2   0   0   0   0 100
D_McCarron    16 nir  1 10  4  1 32 206 565 569 207   2   0  191   0   0   0   2   3   1   0   0   0   0   0 100
E_Upson       18 eng  1  9  4  2 34 189 892 932 579   3   0  200   0   0   0   2   4   1   1   0   4   0   0 100
Louie_Copley  19 eng  1  4 11  5 26 375 413 678 301   4   3  206   0   0   0   1   4   3   0   0   0   0   0 100
Theo_Julienne 19 eng  1  4 11  4 24 323 300 807 657   3   1  218   1   0   0   0   6   2   1   1   0   0   0 100
I_Ibrahim     19 eng  1  5 11  3 32 718 666 468 406   2   0  191   0   0   0   0   4   1   0   2   2   0   0 100
D_Augustien   19 hol  2  2 11  5 18 178 871 572 421   2   0  192   1   0   0   0   9   3   0   1   0   0   0 100
H_Dudziak     21 eng  1  3 11  4 16 783 275 196 944   4   0  245   0   0   0   3   6   1   0   2   2   0   0 100
C_Purdy       16 eng  1  3 10  4 26 208 418 369 492   1   0   97   0   0   0   0   0   1   0   0   0   0   0 100
Max_Dowman    17 eng  1  2  5 14 18 483  90 390   5   2   0  192   0   0   0   0   1   4   1   0   0   0   0 100
A_H-Annous    19 eng  2  3  5 12 30 163 769 650 887   3   0  242   0   0   0   1   0  13   2   0   0   0   0 100
Evan_Mooney   19 sco  1  2  6 11 28 647 971  20 392   3   1  235   0   0   0   0   1   7   2   0   0   0   0 100
A_Stevens     21 eng  1  2  4 11 20 871 343 946 471   2   0  192   0   0   0   0   1   4   0   1   0   0   0 100
I_Kabia       21 hol  1  1  5 11 16 310 838 269 266   3   0  190   0   0   0   0   1   8   3   1   0   0   0 100
A_Halilovic   16 cro  1  3  4 10 34 189 635 684 711   3   3   98   0   0   0   0   1   4   1   1   0   0   0 100
