Name         Age Nat St Tk Ps Sh Ag KAb TAb PAb SAb Gam Sub  Min Mom Sav Con Ktk Kps Sht Gls Ass  DP Inj Sus Fit
----------------------------------------------------------------------------------------------------------------
E_Zanchi      20 ita 10  1  2  1 22 348 863  43 501   0   0    0   0   0   0   0   0   0   0   0   0   0   0 100
Luca_Gobbo    21 ITA  1 12  4  5 18 798 586 860 691   0   0    0   0   0   0   0   0   0   0   0   0   0   0 100
Gabriel_Ramaj 21 alb  1 11  6  1 36 550 817  92 798   0   0    0   0   0   0   0   0   0   0   0   0   0   0 100
P_Parmiggiani 21 ita  2 10  5  2 38   6 724 209 511   0   0    0   0   0   0   0   0   0   0   0   0   0   0 100
Isaac_Isoa    19 ita  2 10  5  2 36 330 225 415 434   0   0    0   0   0   0   0   0   0   0   0   0   0   0 100
M_Arrigoni    21 ita  1  3 12  5 18 608 246 209 967   0   0    0   0   0   0   0   0   0   0   0   0   0   0 100
F_Mencaraglia 21 ita  1  5 10  2 36 673 111 542 681   0   0    0   0   0   0   0   0   0   0   0   0   0   0 100
F_Galafassi   21 ita  2  2 10  4 18  68 618 708 907   0   0    0   0   0   0   0   0   0   0   0   0   0   0 100
Marco_Leandri 20 ita  1  4 10  5 26 250  96 747 202   0   0    0   0   0   0   0   0   0   0   0   0   0   0 100
Henry_Camara  21 gui  2  4  5 11 30  53 469 301 697   0   0    0   0   0   0   0   0   0   0   0   0   0   0 100
Arne_Wessels  21 ger  1  1  5 11 20 372 902 282 499   0   0    0   0   0   0   0   0   0   0   0   0   0   0 100
Kevin_Mutove  22 ger  1  3  5 10 30 290 825 402 887   0   0    0   0   0   0   0   0   0   0   0   0   0   0 100