Name         Age Nat St Tk Ps Sh Ag KAb TAb PAb SAb Gam Sub  Min Mom Sav Con Ktk Kps Sht Gls Ass  DP Inj Sus Fit
----------------------------------------------------------------------------------------------------------------
D_Ferreira    20 por 11  1  2  1 22 452 913  93 551   5   0  481   0  22  21   0   0   0   0   0   0   0   0 100
A_Voit'vicius 20 lit 10  1  1  1 18 635 203 247 269   0   0    0   0   0   0   0   0   0   0   0   0   0   0 100
G_Oliveira    20 por  1 12  6  1 36 600 929 266 946   5   0  481   0   0   0   9   6   3   1   1   2   0   0  88
Jose_Neto     19 por  1 12  4  5 18 848 833 961 438   5   0  481   0   0   0   3   2   7   1   0   0   0   0  88
D_Banjaqui    19 por  1 11  5  4 16 268 224 452 918   3   2  163   0   0   0   2   1   3   0   0   0   0   0  93
Gabriel_Indio 18 bra  1 11  4  1 32 195  15 855 635   5   2  289   0   0   0   6   0   0   0   0   0   0   0  93
D_Soares      19 por  1 10  4  4 14 310 740 740 740   0   0    0   0   0   0   0   0   0   0   0   0   0   0 100
G_Moreira     21 por  1  3 13  5 18 658 320 368 150   5   0  481   1   0   0   1  16   7   2   2   2   0   0  88
Joao_Rego     21 por  1  2 12  6 20 278 773 185 604   5   0  481   1   0   0   0  12   9   1   2   0   0   0  88
Joao_Veloso   21 por  1  4 12  5 24 267 213  15 257   4   0  333   0   0   0   0   6   4   0   2   0   0   0 100
Stevan        18 por  1  2 11  4 18 203 329 820 970   2   1  148   0   0   0   1   5   5   0   0   0   0   0 100
M_Figueiredo  18 por  2  4 11  4 26 118 768  94 199   4   0  386   0   0   0   0   9   5   2   2   0   0   0 100
R_Quintas     18 por  1  5 10  2 36 176 415 846 366   4   0  291   0   0   0   0   4   4   0   2   0   0   0 100
Anisio_Cabral 19 por  1  4  5 12 26 265 346 568 702   5   0  481   1   0   0   1   1  29   5   0   2   0   0  88
Dudu          20 por  1  2  4 11 18 811 248 896 116   5   0  481   0   0   0   1   5   8   2   1   2   0   0  88
Jelani_Dumas  21 bel  1  4  4 10 32 192 415 437 491   5   4  140   0   0   0   0   1   4   1   0   0   0   0 100
Felipe_Lima   20 bra  1  3  4 10 34 135 535 745 883   1   1   50   0   0   0   0   0   1   0   0   0   0   0 100
