Name         Age Nat St Tk Ps Sh Ag KAb TAb PAb SAb Gam Sub  Min Mom Sav Con Ktk Kps Sht Gls Ass  DP Inj Sus Fit
----------------------------------------------------------------------------------------------------------------
Nils_Ramming  20 swe 13  2  2  1 22 644 204 383 841   4   0  378   0  15   6   0   0   0   0   0   0   0   0 100
Y_Zhuravsky   18 ukr 13  1  1  1 18 159 445 449 448   5   0  479   0  28  10   0   0   0   0   0   0   0   0 100
Steven_Hall   22 aus 11  1  1  1 18 470 590 592 596   0   0    0   0   0   0   0   0   0   0   0   0   0   0 100
Noel_Atom     22 ger  1 12  5  1 38 582 508 961 981   4   0  378   0   0   0   1   3   1   0   0   0   0   0 100
Jake_Evans    18 eng  1 12  6  2 34 440 639 729  46   4   0  341   0   0   0   2   6   0   0   2   0   0   0  93
Jacob_Slater  22 ire  1 11  5  4 18 590 428 840 707   4   1  320   0   0   0   4   1   2   1   0   2   0   0 100
C_Penman      21 eng  2 11  5  2 38 139 425 435 671   5   0  369   0   0   0   4   3   3   1   0   2   0   0  93
F_Simmonds    19 eng  2 11  5  3 36 346 447 712 135   5   1  427   0   0   0   3   3   2   0   0   0   0   0  93
Carlos_de_Roa 17 spa  1 11  5  1 36 340 589 701 859   1   0   94   0   0   0   1   2   0   0   0   2   0   0  93
Zach_Brennan  18 eng  1  3 12  5 26 428 959 853 926   5   1  427   1   0   0   0   9   4   0   2   0   0   0  93
Kofi_Shaw     20 eng  2  3 12  5 16  14 458 602 468   4   0  375   1   0   0   0  12   5   0   1   0   0   0  93
Harry_Mills   21 eng  1  3 11  6 18 592 144 876 217   2   0  142   0   0   0   0   5   1   0   0   0   0   0 100
Y_Owusu       21 eng  1  5 11  3 36 605 796 722 212   1   0   45   0   0   0   0   0   0   0   0   0   0   0 100
J_Robertson   21 eng  1  4 11  4 22 590 311 740 928   1   1   56   0   0   0   1   0   0   0   0   0   0   0 100
Daruis_Lane   19 usa  2  4 11  5 24 408 160 468 562   3   1  238   0   0   0   1   5   1   0   0   0   0   0  93
C_Kostoulas   19 gre  1  4  5 14 26 610 173 679 808   4   0  377   0   0   0   0   2   9   2   0   0   0   0  93
S_Tzimas      21 gre  1  3  5 14 30 483 961 812 598   4   0  377   2   0   0   1   3  15   3   1   0   0   0  93
N_Oriola      19 eng  1  2  5 12 20 573 193 875 866   5   0  382   0   0   0   0   1   9   1   0   0   0   0  93
Joe_Belmont   20 wal  1  4  5 11 32 583 102 808 488   4   2  230   0   0   0   0   2   9   1   0   0   0   0 100
Aidan_West    20 eng  1  2  5 11 16 590 227 710 535   2   1  142   0   0   0   0   0   5   1   0   0   0   0 100
J_Rodriguez   18 spa  1  3  5 11 24 440 216 687 881   3   3   68   0   0   0   0   0   0   0   0   0   0   0 100
