Name         Age Nat St Tk Ps Sh Ag KAb TAb PAb SAb Gam Sub  Min Mom Sav Con Ktk Kps Sht Gls Ass  DP Inj Sus Fit
----------------------------------------------------------------------------------------------------------------
S_Ostrzinski  23 ger 11  2  2  1 22 976  24 203 661   0   0    0   0   0   0   0   0   0   0   0   0   0   0 100
Bruno_Klimek  20 pol 11  2  2  1 22 508  24 203 661   0   0    0   0   0   0   0   0   0   0   0   0   0   0 100
Ezra_Myers    20 eng  1 12  6  1 36 315 219 525 926   1   0   98   0   0   0   1   4   0   0   0   0   0   0 100
Harry_Amass   20 eng  1 12  5  5 20 252  35 482 416   4   0  385   0   0   0   6   1   3   1   0   6   0   0  94
M_Cuevas      19 spa  1 11  5  2 36 710 368 534 123   0   0    0   0   0   0   0   0   0   0   0   0   0   0 100
Curro_Macias  17 spa  1 11  5  4 20 410 114 372  79   1   0   98   0   0   0   3   1   3   0   0   0   0   0 100
R_Guzman      19 per  1 10  5  2 38 958 327 243 526   3   0  287   0   0   0   3   2   3   0   2   0   0   0 100
Jose_Ortega   19 spa  1  4 13  6 28 410 168 157 242   4   0  385   0   0   0   2  13  10   1   2   2   0   0  94
A_Del_Haro    17 spa  1  4 12  3 10 190 771  71 704   3   0  287   0   0   0   1   7   2   1   0   0   0   0 100
Trebu         19 spa  1  4 12  6 24 520  62  40 143   1   0   98   1   0   0   0   5   2   0   1   0   0   0 100
Enzo_Fierro   17 spa  1  4 11  4 26 389 402 555 387   1   1   24   0   0   0   0   2   0   0   0   0   0   0 100
Mique_Romero  17 spa  1  5 11  4 32 267 514 779 465   4   0  293   0   0   0   0   9   1   0   1   2   0   0 100
Marcos_Mora   16 spa  1  3 11  4 26 178 292 740 740   0   0    0   0   0   0   0   0   0   0   0   0   0   0 100
O_Diallo      19 spa  2  2  6 13 20 213 750 248 654   4   0  293   0   0   0   0   2   8   1   0   0   0   0 100
N_Doronins    18 lat  1  4  5 13 26 393 103 855 124   4   0  385   0   0   0   0   1   8   1   1   0   0   0  94
A_Gonzalez    16 spa  1  3  4 13 34 182 301 905  13   1   0   98   0   0   0   0   0   5   1   0   0   0   0 100
Diego_Atienza 17 spa  1  4  4 11 26 378 130 395 560   1   1   24   0   0   0   0   0   1   0   0   0   0   0 100
Rafa_Oya      17 spa  1  1  5 11 20 403 965 351 330   1   1   24   0   0   0   0   0   0   0   0   0   0   0 100
A_Luque       17 rom  1  2  4 11 32 181 300 855 918   4   3  142   0   0   0   0   0   3   1   0   0   0   0 100
