Name         Age Nat St Tk Ps Sh Ag KAb TAb PAb SAb Gam Sub  Min Mom Sav Con Ktk Kps Sht Gls Ass  DP Inj Sus Fit
----------------------------------------------------------------------------------------------------------------
Y_Aktas       24 tur 11  1  1  1 20  72 774 774 774   0   0    0   0   0   0   0   0   0   0   0   0   0   0 100
M_Gouveia     18 por 11  1  1  1 21 925 175 317 271   0   0    0   0   0   0   0   0   0   0   0   0   0   0 100
Filippo_Mane  22 ita  1 12  5  1 36 520 477 928 983   0   0    0   0   0   0   0   0   0   0   0   0   0   0 100
D_Krevsun     22 ukr  1 12  5  1 36 710 277 401 856   0   0    0   0   0   0   0   0   0   0   0   0   0   0 100
Elias_Baum    21 ger  1 12  5  4 18 275 397 510 926   0   0    0   0   0   0   0   0   0   0   0   0   0   0 100
A_Rinaldi     19 ita  1 12  5  2 34 365 776 972 270   4   0  380   0   0   0   7   2   2   0   1   0   0   0  75
Luca_Reggiani 19 ita  3 11  4  2 36 121 609  35 220   0   0    0   0   0   0   0   0   0   0   0   0   0   0 100
G_Doue        19 fra  1  5 12  6 20 720 310 626 915   3   0  283   0   0   0   0   5   8   0   2   2   0   0  91
Everton       20 bra  1  5 12  3 34 573 146 459  20   4   1  283   0   0   0   1   7   5   0   0   0   0   0  91
Lewis_Miley   19 eng  1  5 12  4 20 570 687 221 838  12   5  855   0   0   0   0  12  13   1   2   0   0   0 100
J_Moorhouse   21 ire  1  4 11  4 26 803 189  32 937   2   1  129   0   0   0   0   5   1   0   1   0   0   0 100
Mussa_Kaba    18 ger  2  4 11  3 36 228 989 519 294   0   0    0   0   0   0   0   0   0   0   0   0   0   0 100
T_Fletcher    20 sco  2  4 11  4 32 168 819  10  80   0   0    0   0   0   0   0   0   0   0   0   0   0   0 100
Rodrigo_Rego  22 por  1  1  5 13 20 637 557 725  87   0   0    0   0   0   0   0   0   0   0   0   0   0   0 100
A_Nusa        20 nor  1  1  6 13 20 660 860 282 199   0   0    0   0   0   0   0   0   0   0   0   0   0   0 100
Kayden_Wolf   20 hol  2  2  6 12 16 178 650  94 815   1   1   17   0   0   0   0   0   0   0   0   0   0   0 100
Victor_Musa   20 eng  1  3  4 11 34 861 371 892 267   0   0    0   0   0   0   0   0   0   0   0   0   0   0 100
Mathis_Albert 17 usa  1  2  4 11 18 921 479 989 507   0   0    0   0   0   0   0   0   0   0   0   0   0   0 100
