Name         Age Nat St Tk Ps Sh Ag KAb TAb PAb SAb Gam Sub  Min Mom Sav Con Ktk Kps Sht Gls Ass  DP Inj Sus Fit
----------------------------------------------------------------------------------------------------------------
B_Speight     21 ger 13  1  1  1 18 154 300 300 323   0   0    0   0   0   0   0   0   0   0   0   0   0   0 100
Yurij_Obert   21 ger 10  1  2  1 22 408 923 103 561   0   0    0   0   0   0   0   0   0   0   0   0   0   0 100
Prince_Aning  23 hol  1 11  5  5 18 958 726  33 258   0   0    0   0   0   0   0   0   0   0   0   0   0   0 100
J_Maluze      22 ger  1 11  5  1 34 298 294 631 734   0   0    0   0   0   0   0   0   0   0   0   0   0   0 100
N_Neuendorff  19 ger  1 11  5  4 10 401 295 400 482   0   0    0   0   0   0   0   0   0   0   0   0   0   0 100
Maurice_Spahn 20 ger  2 11  5  5 18  66  54 386 780   0   0    0   0   0   0   0   0   0   0   0   0   0   0 100
F_Doumbia     22 mal  1 10  5  1 36 610 756 187 666   0   0    0   0   0   0   0   0   0   0   0   0   0   0 100
D_Bautista    22 ecu  1 10  4  1 38 858 415 877 988   0   0    0   0   0   0   0   0   0   0   0   0   0   0 100
R_Hanashiro   21 jap  2  3 12  5 20 128 756 390 196   0   0    0   0   0   0   0   0   0   0   0   0   0   0 100
Marvin_Dills  20 usa  1  3 12  6 25 668 337  38  45   0   0    0   0   0   0   0   0   0   0   0   0   0   0 100
Eba_Bekir_Is  18 ger  1  6 11  3 36 733 369 260 116   0   0    0   0   0   0   0   0   0   0   0   0   0   0 100
Alex_Staff    18 ger  1  3  6 11 30 597 834 777 918   0   0    0   0   0   0   0   0   0   0   0   0   0   0 100
K_Kumashiro   19 jap  2  4  7 11 28 113 672 521 228   0   0    0   0   0   0   0   0   0   0   0   0   0   0 100
D_Starodid    23 ger  1  4  4 11 36 821  27 876 490   0   0    0   0   0   0   0   0   0   0   0   0   0   0 100
A_Gaul-Souza  19 ger  1  2  5 11 34 420 897 429 411   0   0    0   0   0   0   0   0   0   0   0   0   0   0 100
