Name         Age Nat St Tk Ps Sh Ag KAb TAb PAb SAb Gam Sub  Min Mom Sav Con Ktk Kps Sht Gls Ass  DP Inj Sus Fit
----------------------------------------------------------------------------------------------------------------
L_Maddalon    17 ita 11  1  1  1 18 479 810 810 810   0   0    0   0   0   0   0   0   0   0   0   0   0   0 100
N_Turnone     18 ita  1 11  5  1 38 176 185 981 886   0   0    0   0   0   0   0   0   0   0   0   0   0   0 100
D_Beldenti    16 ita  1 10  5  1 34 379 679 983 775   0   0    0   0   0   0   0   0   0   0   0   0   0   0 100
F_Melani      16 ita  1 10  4  1 32 200 865 735 325   0   0    0   0   0   0   0   0   0   0   0   0   0   0 100
N_Turnone     18 ita  1  9  4  2 34 188 990 979 210   0   0    0   0   0   0   0   0   0   0   0   0   0   0 100
D_Azenti      19 ita  1  4 11  5 30 417 265 262 389   0   0    0   0   0   0   0   0   0   0   0   0   0   0 100
F_Mataran     18 arg  1  5 10  2 36 200 865 790 741   0   0    0   0   0   0   0   0   0   0   0   0   0   0 100
A_Angeloni    19 ita  1  1  4 11 12 707 978 891 126   0   0    0   0   0   0   0   0   0   0   0   0   0   0 100
F_Forza       18 ita  1  1  5 11 21 931 343  15 443   0   0    0   0   0   0   0   0   0   0   0   0   0   0 100
F_Croci       16 ita  1  1  4 10 16 311 199 757 865   0   0    0   0   0   0   0   0   0   0   0   0   0   0 100
F_Egharevba   16 ita  1  3  4 10 34 175 180 868 868   0   0    0   0   0   0   0   0   0   0   0   0   0   0 100
