Name         Age Nat St Tk Ps Sh Ag KAb TAb PAb SAb Gam Sub  Min Mom Sav Con Ktk Kps Sht Gls Ass  DP Inj Sus Fit
----------------------------------------------------------------------------------------------------------------
M_Penders     20 bel 12  1  1  1 18 608 830 830 830   4   0  382   0  19  10   0   0   0   0   0   0   0   0 100
D_Fernandes   22 por 11  2  2  1 22 338  54 233 691   0   0    0   0   0   0   0   0   0   0   0   0   0   0 100
G_Silva       21 por 11  1  1  1 20 212 453 508 484   0   0    0   0   0   0   0   0   0   0   0   0   0   0 100
Martim_Cunha  20 POR  2 12  6  4 18 196 295  69 956   4   0  318   0   0   0   5   2   3   0   1   0   0   0  96
Yoan_Pereira  19 por  1 11  6  4 20 399 773  42 812   4   0  316   0   0   0   3   1   0   0   0   0   0   0  96
Felipe_Sousa  20 por  1 11  5  1 34 342 260 421 900   4   1  318   0   0   0   3   2   0   0   0   0   0   0  84
Luis_Gomes    21 por  1 11  5  1 36 235 942 906 344   3   1  225   0   0   0   3   1   0   0   0   0   0   0  96
Filipe_Silva  16 por  1 10  4  4 21 220 742 661 673   4   1  318   0   0   0   2   0   2   0   0   2   0   0  90
Joao_Abreu    18 por  1  4 11  5 30 437 282 389 469   2   0  158   1   0   0   0   6   2   1   1   2   0   0 100
Bernardo_Lima 19 por  2  5 11  5 26 258  84 613 378   3   1  224   0   0   0   0   3   1   0   0   2   0   0 100
Tiago_Silva   19 por  1  5 11  3 34 442 236 696 164   3   0  224   0   0   0   3   7   0   0   1   0   0   0  93
Eirik_Granaas 17 nor  1  4 11  4 26 340 676 682 400   2   0  191   1   0   0   2   5   1   0   1   0   0   0 100
Mateus_Mide   17 por  1  4 11  3 10 220 775 895 357   3   0  254   0   0   0   0   7   1   0   1   0   0   0  93
Joao_Tavares  15 por  1  2 10  4 16 205 244 452 404   4   4  128   0   0   0   0   3   0   0   0   0   0   0 100
Anha_Cande    19 por  1  4  5 13 32 727  43 991 213   2   0  191   0   0   0   1   3   3   1   0   0   0   0 100
Goncalo_Sousa 20 por  1  2  5 12 21 951 360  76 594   4   1  287   0   0   0   0   2   9   2   0   2   0   0  93
B_Caicedo     20 col  2  2  5 12 20 243 676 638 634   2   1  128   0   0   0   0   0   3   2   0   0   0   0 100
O_Piet'zewski 19 pol  1  2  5 11 24 412 955 864 877   3   0  254   0   0   0   1   5  10   1   0   0   0   0  93
Gabriel_Mec   17 bra  1  2  4 11 20 220 331 660 814   4   1  255   0   0   0   0   0  14   3   0   0   0   0  93
C_Varela      16 por  1  3  4 10 28 205 335 565 654   1   1   31   0   0   0   0   0   2   0   0   0   0   0 100
