Name         Age Nat St Tk Ps Sh Ag KAb TAb PAb SAb Gam Sub  Min Mom Sav Con Ktk Kps Sht Gls Ass  DP Inj Sus Fit
----------------------------------------------------------------------------------------------------------------
D_Phillips    19 eng 12  1  1  1 18 759 670 670 670   4   0  382   0  19   7   0   0   0   0   0   0   0   0 100
Alain_Taho    20 alb 10  1  2  1 22 448 963 143 601   0   0    0   0   0   0   0   0   0   0   0   0   0   0 100
Ayden_Heaven  20 eng  2 13  4  2 26   1  73 930 217   4   1  303   0   0   0   3   2   4   0   0   2   0   0  93
L_Bovio       19 ita  2 11  5  2 36 106  80 427 693   3   0  286   0   0   0   8   4   0   0   0   0   0   0  85
T_Della_Mora  20 ita  1 10  5  3 16 650 920 258 901   3   0  287   0   0   0   5   4   0   0   0   0   0   0 100
L_Jakirovic   19 cro  1 10  4  2 38 898 869 989 345   4   0  382   0   0   0   2   1   0   0   0   0   0   0  85
Reece_Munro   20 eng  2 10  5  2 38  96 932 337 680   2   0  193   0   0   0   2   0   0   0   0   2   0   0 100
E_Dario-Roca  16 ita  1 10  4  4 20 160 425 350 328   2   0  192   0   0   0   2   1   0   0   0   0   0   0  85
M_Kante       21 fra  1  5 12  2 30 456 124 478 970   3   0  286   1   0   0   0   9   4   1   1   2   0   0  85
Dilan_Zarate  19 spa  2  4 12  5 30  98 745 131 165   4   1  310   0   0   0   0   7   5   0   0   2   0   0  85
A_Stankovic   21 ser  1  5 12  2 36 411 394  79 836   3   0  241   0   0   0   1   5   1   0   2   0   0   0 100
M_Venturini   20 ita  1  5 11  5 25 708 371 647  26   1   0   96   0   0   0   1   0   0   0   0   0   0   0 100
P_La_Torre    19 ita  1  5 11  2 36 773 284 819 881   4   2  211   0   0   0   1   3   0   0   0   0   0   0 100
E_Akinsanmiro 22 nig  1  3 10  5 26 300 615 593 145   1   0   96   0   0   0   0   3   0   0   0   0   0   0 100
M_Mancuso     18 ita  1  3 10  4 26 260 175 820 715   0   0    0   0   0   0   0   0   0   0   0   0   0   0 100
F_Limido      17 ita  1  2  9  4 16 159 160 705 705   0   0    0   0   0   0   0   0   0   0   0   0   0   0 100
Joel_Roca     21 spa  1  1  6 12 18 662 677  23 264   5   2  347   0   0   0   0   1  12   3   0   0   0   0  93
J_Iddrissou   19 ita  1  3  5 12 36 567 787 713  14   4   1  260   1   0   0   0   0  11   2   0   0   0   0 100
M_Mosconi     20 ita  2  4  5 11 32 153 618 419 833   3   0  243   0   0   0   2   1   7   2   0   2   0   0 100
M_Pinotti     20 ita  1  2  4 11 20 861 290 829  94   4   2  217   0   0   0   0   0   6   0   0   0   0   0 100
W_Owusu       18 gha  1  3  4 10 22 155 159 405 428   1   0   95   0   0   0   0   0   2   0   0   0   0   0  93
