Name         Age Nat St Tk Ps Sh Ag KAb TAb PAb SAb Gam Sub  Min Mom Sav Con Ktk Kps Sht Gls Ass  DP Inj Sus Fit
----------------------------------------------------------------------------------------------------------------
J_Amthor      16 ger 10  1  2  1 22 598 913  93 551   0   0    0   0   0   0   0   0   0   0   0   0   0   0 100
R_Pervetica   17 ger  1 11  5  1 38 280  52 341 920   0   0    0   0   0   0   0   0   0   0   0   0   0   0 100
Obaid_Saidi   17 mor  1 10  4  5 20 970 799 771 102   0   0    0   0   0   0   0   0   0   0   0   0   0   0 100
M_Ottilinger  17 ger  1 10  5  5 20 300 941 241 241   0   0    0   0   0   0   0   0   0   0   0   0   0   0 100
E_Karabulut   16 tur  1 10  4  1 32 198 745 743 740   0   0    0   0   0   0   0   0   0   0   0   0   0   0 100
Celal_Demir   17 ger  1  3 10  5 25 658 396 797  76   0   0    0   0   0   0   0   0   0   0   0   0   0   0 100
Edmond_Manga  17 ger  1  3 10  4 20 723 209 724 831   0   0    0   0   0   0   0   0   0   0   0   0   0   0 100
S_Guie-Mien   16 ger  2  4 10  3 36 118 768 907  43   0   0    0   0   0   0   0   0   0   0   0   0   0   0 100
Y_E_Ayranci   16 tur  1  3 10  4 26 190 301 635 317   0   0    0   0   0   0   0   0   0   0   0   0   0   0 100
Selim_Cihan   16 tur  1  3  5 10 32 587 790 673 573   0   0    0   0   0   0   0   0   0   0   0   0   0   0 100
V_Bedzeti     16 ger  2  3  5 10 28 103 619 451 867   0   0    0   0   0   0   0   0   0   0   0   0   0   0 100
F_Fahrenkamp  15 ger  1  3  5 10 36 811 323 852 158   0   0    0   0   0   0   0   0   0   0   0   0   0   0 100
