Name         Age Nat St Tk Ps Sh Ag KAb TAb PAb SAb Gam Sub  Min Mom Sav Con Ktk Kps Sht Gls Ass  DP Inj Sus Fit
----------------------------------------------------------------------------------------------------------------
J_Stawiecki   19 fra 11  1  2  1 22 901 833  13 471   5   0  474   0  37   8   0   0   0   0   0   0   0   0 100
A_Decrenisse  17 fra 10  1  1  1 18 555 233 665 223   0   0    0   0   0   0   0   0   0   0   0   0   0   0 100
Ilane_Toure   20 fra  1 11  4  5 20 890 871 691 167   5   0  316   0   0   0   8   0   5   2   0   0   0   0 100
Sirak_Bein    19 swi  1 11  5  1 38 200  89 282 876   5   0  474   0   0   0   6   1   2   0   0   0   0   0  90
Bradel_Kiwa   20 fra  1 11  5  1 36 220  59 271 161   5   0  474   0   0   0   9   4   0   0   1   0   0   0  90
Melvin_Gomes  18 fra  1 10  5  1 34 210 812 793 453   2   0  190   0   0   0   2   1   0   0   0   2   0   0  93
Ismail_Bamba  19 fra  1 10  5  1 36 109 595 555 234   3   3   94   0   0   0   2   0   0   0   0   0   0   0 100
Ayman_Assab   18 fra  1  3 11  5 25 578 370 842  64   3   0  284   0   0   0   2   7   4   0   1   0   0   0 100
C_D-Ecko      18 fra  2  4 11  3 36  38 714  44 978   5   0  474   0   0   0   1  11   1   0   2   0   0   0  90
I_E-Ouaroudi  19 fra  1  3 10  5 20 643 146 810   7   5   0  474   1   0   0   0   8   8   3   1   0   0   0  90
Najd_Ajroud   18 swi  1  1 10  5 18 190 141 958 825   5   0  447   0   0   0   1   3   3   0   0   0   0   0 100
Anis_Soubeir  19 fra  1  3 10  4 26 110 572 620 607   2   0  190   0   0   0   0   3   2   0   0   0   0   0  93
Paris_Brunner 21 ger  1  3  5 12 28 290 829 243 157   8   6  359   0   0   0   1   0  17   0   0   2   0   0  93
Oumar_Konate  19 ivo  1  3  5 11 32 507 788 674 727   5   0  474   0   0   0   3   4  15   3   0   2   0   0  90
Yannick_Dodo  19 fra  1  3  4 11 28 112 378 921   8   4   1  311   0   0   0   1   1   7   1   0   0   0   0 100
E_Chukwuani   17 den  2  3  5 10 28  23 556 477 836   3   0  205   0   0   0   0   3   3   0   1   0   0   0 100
R_Piazenko    18 lit  1  3  4 10 36 731 243 782 152   3   3   79   0   0   0   0   0   5   0   0   0   0   0 100
J_Djelloui    18 fra  1  3  4 10 26  98 445 775 775   2   2   64   0   0   0   0   0   0   0   0   0   0   0 100
