Name         Age Nat St Tk Ps Sh Ag KAb TAb PAb SAb Gam Sub  Min Mom Sav Con Ktk Kps Sht Gls Ass  DP Inj Sus Fit
----------------------------------------------------------------------------------------------------------------
Fred_Heath    19 eng 11  1  1  1 18 758 485 415 415   5   0  475   0  28  12   0   0   0   0   0   0   0   0 100
Will_Murdock  20 nir 11  1  1  1 20 455 413 418 419   0   0    0   0   0   0   0   0   0   0   0   0   0   0 100
Jorge_Salinas 20 spa  1 13  5  5 26 271 230 518 572   5   0  366   1   0   0   7   4   4   1   0   0   0   0 100
A_Dedic       20 bih  1 12  6  5 22 840 478 547 478   0   0    0   0   0   0   0   0   0   0   0   0   0   0 100
Diego_Leon    20 par  1 12  5  5 16 720 401 590 497   5   0  475   1   0   0   7   1   5   1   0   0   0   0  90
Lucas_Jetten  19 hol  1 12  5  5 16 850 646 574 466   2   0  190   0   0   0   5   1   3   0   0   0   0   0 100
Albert_Mills  16 eng  1 11  5  1 32 268 173  17 293   5   2  330   0   0   0   5   3   1   0   0   0   0   0  93
Daniel_Armer  18 eng  1 10  5  2 34 255 193  53 402   2   2   43   0   0   0   2   0   0   0   0   0   0   0 100
A_Ibragimov   18 rus  1  4 15  5 28 482 398 419 451   5   0  475   1   0   0   0  15   3   0   4   2   0   0  90
Chris_Rigg    19 eng  1  5 14  6 20 810 475 136 956   4   0  380   0   0   0   0  12   6   0   0   0   0   0 100
Nick_Cherny   19 ger  1  5 13  5 30 808 603  58 505   1   0   95   0   0   0   0   2   2   0   0   0   0   0  93
Jorthy_Mokio  19 bel  1  6 12  3 36 768 296 485   3   5   0  348   0   0   0   0  15   2   0   1   0   0   0 100
Jack_Fletcher 20 eng  1  3 11  5 20 778 520 135 194   2   1  126   0   0   0   1   2   3   0   1   0   0   0 100
Jacob_Devaney 20 ire  1  5 11  2 30 331 438  86 730   1   0   71   0   0   0   0   2   0   0   0   0   0   0 100
C_Orozco      18 col  1  5 11  2 36 371 702  44 758   5   3  276   0   0   0   0   5   3   0   1   2   0   0  93
S_Inacio      19 ita  1  3  7 14 20 767  49 115 380   5   0  475   0   0   0   1   3  28   3   0   2   0   0  90
Kai_Rooney    17 eng  1  1  5 11 16 370 998 727 686   5   0  442   1   0   0   0   5  11   4   0   0   0   0  93
S-Lusale      18 slo  1  1  4 11 14 175 225 928  38   1   0   95   0   0   0   0   0   3   1   0   0   0   0  93
J_J_Gabriel   16 eng  1  3  6 10 26 320 948 449 343   3   2  111   0   0   0   0   2   4   1   1   0   0   0 100
B_Mantato     18 eng  1  1  4 10 16 245 260 705 875   0   0    0   0   0   0   0   0   0   0   0   0   0   0 100