Name         Age Nat St Tk Ps Sh Ag KAb TAb PAb SAb Gam Sub  Min Mom Sav Con Ktk Kps Sht Gls Ass  DP Inj Sus Fit
----------------------------------------------------------------------------------------------------------------
M_Ferrante    20 ita 10  1  1  1 20 955 969 617 412   0   0    0   0   0   0   0   0   0   0   0   0   0   0 100
C_Pugliese    19 ita 10  1  2  1 22 548 863  43 501   0   0    0   0   0   0   0   0   0   0   0   0   0   0 100
V_Gambardella 21 ita  1 10  5  1 36 550 720  74 801   0   0    0   0   0   0   0   0   0   0   0   0   0   0 100
R_Collela     21 ita  1 10  4  4 16 798 529 767 145   0   0    0   0   0   0   0   0   0   0   0   0   0   0 100
G_D'Angelo    21 ita  2 10  5  4 18   6 619 143 493   0   0    0   0   0   0   0   0   0   0   0   0   0   0 100
A_Branchisio  16 ita  1 10  4  4 21 155 919 805 805   0   0    0   0   0   0   0   0   0   0   0   0   0   0 100
E_De_Chiara   21 ita  1  4 11  5 28 726 462 439 488   0   0    0   0   0   0   0   0   0   0   0   0   0   0 100
Luca_L_Scalzo 20 ita  1  4 11  4 26 381  18 834 617   0   0    0   0   0   0   0   0   0   0   0   0   0   0 100
Ivan_Anic     19 cro  1  4 10  2 36 250 930 930 285   0   0    0   0   0   0   0   0   0   0   0   0   0   0 100
R_Chialese    17 ita  1  2 10  4 16 228 217 955 955   0   0    0   0   0   0   0   0   0   0   0   0   0   0 100
V_Testa       20 ita  1  3 10  3 28 250 895 907 995   0   0    0   0   0   0   0   0   0   0   0   0   0   0 100
Kevin_Gorica  20 ita  1  3  5 11 30 537 640 523 323   0   0    0   0   0   0   0   0   0   0   0   0   0   0 100
C_Raggioli    21 ita  2  4  5 10 32  53 469 301 617   0   0    0   0   0   0   0   0   0   0   0   0   0   0 100
S_Borriello   21 ita  1  2  3 10 20 761 173 712 907   0   0    0   0   0   0   0   0   0   0   0   0   0   0 100
M_Pereyra     18 arg  1  3  4 10 32 135 585 805 805   0   0    0   0   0   0   0   0   0   0   0   0   0   0 100
A_Iovine      15 ita  1  3  4 10 28 128 251 805 805   0   0    0   0   0   0   0   0   0   0   0   0   0   0 100
