Name         Age Nat St Tk Ps Sh Ag KAb TAb PAb SAb Gam Sub  Min Mom Sav Con Ktk Kps Sht Gls Ass  DP Inj Sus Fit
----------------------------------------------------------------------------------------------------------------
Khadim_Ngom   21 hol 11  1  1  1 20 127 989 637 432   4   0  376   0  17   9   0   0   0   0   0   0   0   0 100
S_Kuijsten    19 hol 10  1  1  1 16 885 175 505 505   1   0   94   0   9   6   0   0   0   0   0   0   0   0 100
Wessel_Kuhn   20 hol  1 11  5  1 36 570 988 277 821   5   0  470   0   0   0  12   5   0   0   3   0   0   0  93
Floris_Bos    21 hol  1 11  5  1 32 182  38 363 711   4   0  376   0   0   0   2   0   0   0   0   2   0   0 100
M_Monamay     21 bel  1 11  4  2 34 818 625 809 182   4   0  376   0   0   0   4   1   1   0   0   0   0   0 100
M_Bresser     20 hol  2 10  5  1 38  26 699 247 554   5   0  470   0   0   0   3   4   2   0   0   0   0   0  93
Brent_Jonkers 18 bel  1 10  5  1 34 148 909 956 191   1   0   94   0   0   0   4   1   1   0   0   0   0   0  93
G_Verhuist    19 hol  1 10  4  4 16 206 930 930 975   1   0   94   0   0   0   0   0   3   0   0   0   0   0  93
Sol_Sidibe    20 eng  1  5 11  6 28 746   3 513 411   5   0  470   0   0   0   1   4  10   2   0   4   0   0  93
S_Cornecion   18 hol  1  1 11  5 16 240 271 137 118   5   0  470   0   0   0   0   5   5   0   1   0   0   0  93
Jordy_Bawuah  20 bel  1  4 11  4 26 401  91  61 652   5   0  470   0   0   0   2   8   1   0   1   0   0   0  93
J_de_Guzman   20 hol  1  4 11  4 28 270 465  46 478   5   0  470   0   0   0   2   7   4   0   0   2   0   0  93
Jim_Koller    20 hol  1  1 11  5 18 178 603  70 352   5   0  470   0   0   0   0   5   4   1   0   0   0   0  93
Fabio_Kluit   21 hol  1  2  6 11 16 557 678  34  10   1   0   85   0   0   0   1   0   3   0   0  10   0   0 100
M_Bro-Hansen  17 den  1  3  4 11 32 160 271 627 204   4   0  377   1   0   0   0   1  12   5   0   0   0   0  93
Manuel_Bahaty 19 hol  2  2  5 10 12  73 589 421 837   0   0    0   0   0   0   0   0   0   0   0   0   0   0 100
Austyn_Jones  19 usa  1  4  4 10 28 781 293 832 157   0   0    0   0   0   0   0   0   0   0   0   0   0   0 100
