Name         Age Nat St Tk Ps Sh Ag KAb TAb PAb SAb Gam Sub  Min Mom Sav Con Ktk Kps Sht Gls Ass  DP Inj Sus Fit
----------------------------------------------------------------------------------------------------------------
F_Silva       20 por 10  1  1  1 18 311 435 930 805   0   0    0   0   0   0   0   0   0   0   0   0   0   0 100
S_Blopa       19 por  1 11  4  4 18 161 695 695 705   0   0    0   0   0   0   0   0   0   0   0   0   0   0 100
Ibrahima_Ba   21 sen  1 11  4  1 32 415 655 356 657   0   0    0   0   0   0   0   0   0   0   0   0   0   0 100
Joao_Simoes   19 por  1  4 11  4 20 946 937 463 735   0   0    0   0   0   0   0   0   0   0   0   0   0   0 100
E_Felicissimo 19 por  1  5 11  2 35 127 518 618 250   0   0    0   0   0   0   0   0   0   0   0   0   0   0 100
Jesse_Derry   19 eng  1  1  4 12 18 705 794 954  15   0   0    0   0   0   0   0   0   0   0   0   0   0   0 100
F_Goncalves   19 por  1  1  4 11 18 249 456 305 642   0   0    0   0   0   0   0   0   0   0   0   0   0   0 100
Mauro_Couto   20 por  1  1  4 11 20 150 196 595 595   0   0    0   0   0   0   0   0   0   0   0   0   0   0 100
Victor_Guzman 20 per  1  3  4 11 32 150 374 725 725   0   0    0   0   0   0   0   0   0   0   0   0   0   0 100
