Name         Age Nat St Tk Ps Sh Ag KAb TAb PAb SAb Gam Sub  Min Mom Sav Con Ktk Kps Sht Gls Ass  DP Inj Sus Fit
----------------------------------------------------------------------------------------------------------------
David_Lopez   22 spa  1 11  5  3 16 570 540  94 621   0   0    0   0   0   0   0   0   0   0   0   0   0   0 100
A_Espineira   22 spa  1 10  4  4 18 818 349 787 964   0   0    0   0   0   0   0   0   0   0   0   0   0   0 100
Jorge_Moreno  20 spa  2 10  5  4 18  26 639 163 513   0   0    0   0   0   0   0   0   0   0   0   0   0   0 100
J_Diaz        16 spa  1 10  4  1 32 152 710 650 285   0   0    0   0   0   0   0   0   0   0   0   0   0   0 100
A_Collado     22 spa  1  3 11  4 36 693 878 294 701   0   0    0   0   0   0   0   0   0   0   0   0   0   0 100
Pablo_Rivera  22 spa  2  3 10  4 26  88 438 477 912   0   0    0   0   0   0   0   0   0   0   0   0   0   0 100
N_Blidi       16 spa  1  3 10  4 26 160 328 388 388   0   0    0   0   0   0   0   0   0   0   0   0   0   0 100
Ibra_Sow      20 sen  1  3  5 12 30 557 660 543  44   0   0    0   0   0   0   0   0   0   0   0   0   0   0 100
M_A_Castillo  18 spa  2  2  5 11 18  73 589 421 837   0   0    0   0   0   0   0   0   0   0   0   0   0   0 100
Bakary_Sow    21 sen  1  2  4 10 16 781 193 732 927   0   0    0   0   0   0   0   0   0   0   0   0   0   0 100
A_Butriks     17 spa  1  2  4 10 32 148 187 605 395   0   0    0   0   0   0   0   0   0   0   0   0   0   0 100
A_Galvan      16 spa  1  3  4 10 34 271 275 515 482   0   0    0   0   0   0   0   0   0   0   0   0   0   0 100
