Name         Age Nat St Tk Ps Sh Ag KAb TAb PAb SAb Gam Sub  Min Mom Sav Con Ktk Kps Sht Gls Ass  DP Inj Sus Fit
----------------------------------------------------------------------------------------------------------------
C_Bloedron    21 eng 10  1  2  1 22 348 863  43 501   0   0    0   0   0   0   0   0   0   0   0   0   0   0 100
J_Byfield     18 emg  1 12  5  1 36 550 940 174 901   0   0    0   0   0   0   0   0   0   0   0   0   0   0 100
Maeson_King   21 eng  1 10  4  2 38 798 529 767 145   0   0    0   0   0   0   0   0   0   0   0   0   0   0 100
Calum_Logan   20 eng  2 10  5  4 18   6 619 143 493   0   0    0   0   0   0   0   0   0   0   0   0   0   0 100
Harry_Byrne   18 ire  1 10  4  1 32 140 805 690 280   0   0    0   0   0   0   0   0   0   0   0   0   0   0 100
M_Hardy       18 eng  1  9  4  2 34 155 730 730 730   0   0    0   0   0   0   0   0   0   0   0   0   0   0 100
C_Olusesi     20 eng  1  3 12  5 24 323 747 834  97   0   0    0   0   0   0   0   0   0   0   0   0   0   0 100
Matthew_Craig 24 sco  1  5 11  2 32 250 316 675 896   0   0    0   0   0   0   0   0   0   0   0   0   0   0 100
Dan_Batty     20 eng  1  3 11  4 21 238 319  25 752   0   0    0   0   0   0   0   0   0   0   0   0   0   0 100
Tyresse_Hall  21 jam  1  3 10  4 26 125 585 805 805   0   0    0   0   0   0   0   0   0   0   0   0   0   0 100
Cole_Ramsey   18 eng  1  1 10  4 16 142 145 695 695   0   0    0   0   0   0   0   0   0   0   0   0   0   0 100
James_Wilson  20 sco  1  3  5 12 26 537 640 523 323   0   0    0   0   0   0   0   0   0   0   0   0   0   0 100
Mason_Melia   19 ire  2  4  5 11 32  53 569 401 817   0   0    0   0   0   0   0   0   0   0   0   0   0   0 100
Max_McFadden  21 eng  1  2  4 10 26 761 173 712 907   0   0    0   0   0   0   0   0   0   0   0   0   0   0 100
George_Feeney 18 nir  1  3  4 10 32 148 475 685 585   0   0    0   0   0   0   0   0   0   0   0   0   0   0 100
Ronny_Moncur  18 eng  1  2  4 10 14 255 362 800 800   0   0    0   0   0   0   0   0   0   0   0   0   0   0 100
