Name         Age Nat St Tk Ps Sh Ag KAb TAb PAb SAb Gam Sub  Min Mom Sav Con Ktk Kps Sht Gls Ass  DP Inj Sus Fit
----------------------------------------------------------------------------------------------------------------
Yago_Moreira  21 spa 11  1  2  1 22 428 943 123 581   0   0    0   0   0   0   0   0   0   0   0   0   0   0 100
J_I_Valou     21 ivo  1 11  6  1 36 630 800 154 881   0   0    0   0   0   0   0   0   0   0   0   0   0   0 100
D_Budesca     21 spa  1 11  4  5 18 878 609 847 225   0   0    0   0   0   0   0   0   0   0   0   0   0   0 100
Lautaro_Spatz 25 arg  2 11  5  2 36  86 499 223 373   0   0    0   0   0   0   0   0   0   0   0   0   0   0 100
I_Rodriguez   20 rom  1 11  5  5 18 330  27 406 406   0   0    0   0   0   0   0   0   0   0   0   0   0   0 100
Carlos_Macia  18 spa  1  3 12  5 24 403 9271124 277   0   0    0   0   0   0   0   0   0   0   0   0   0   0 100
F_Viveros     23 arg  1  3 11  4 21 318 199 934 832   0   0    0   0   0   0   0   0   0   0   0   0   0   0 100
A_Diatta      22 sen  1  5 11  3 32 330 396 785 976   0   0    0   0   0   0   0   0   0   0   0   0   0   0 100
A_Diatta      22 sen  1  3 10  5 28 241 441 696 297   0   0    0   0   0   0   0   0   0   0   0   0   0   0 100
Hugo_Lopez    20 spa  1  1  5 12 16 617 720 603 403   0   0    0   0   0   0   0   0   0   0   0   0   0   0 100
Pau_Cabanes   22 spa  2  4  5 11 32 133 349 381 497   0   0    0   0   0   0   0   0   0   0   0   0   0   0 100
J_Gaitan      20 spa  1  2  4 11 26 841 253 792  18   0   0    0   0   0   0   0   0   0   0   0   0   0   0 100
P_Arenzana    21 spa  1  4  5 10 32 218 186 186 786   0   0    0   0   0   0   0   0   0   0   0   0   0   0 100
