Name         Age Nat St Tk Ps Sh Ag KAb TAb PAb SAb Gam Sub  Min Mom Sav Con Ktk Kps Sht Gls Ass  DP Inj Sus Fit
----------------------------------------------------------------------------------------------------------------
A_Barbieri    20 ita 13  1  1  1 20 133 333 408 356   4   0  380   0  14  11   0   0   0   0   0   0   0   0 100
Mason_Terry   22 eng 10  1  2  1 22 248 963 143 601   0   0    0   0   0   0   0   0   0   0   0   0   0   0 100
Joao_Souza    20 bra  1 12  5  2 36 898  53  30 494   4   0  380   0   0   0   5   1   1   0   0   0   0   0  97
Weverson      18 bra  2 11  5  2 36 106 811 789 943   4   0  380   0   0   0   4   2   0   0   0   0   0   0  97
Joao_Ananias  20 bra  1 11  5  2 32 279 364 677  22   3   0  287   0   0   0   0   3   0   0   0   0   0   0 100
Josh_Briggs   21 eng  1 11  5  2 36 350 201 491 479   3   0  287   0   0   0   2   3   1   1   0   0   0   0 100
N_Quiala      21 ger  1 11  6  1 34 308 106 442 887   0   0    0   0   0   0   0   0   0   0   0   0   0   0 100
M_Pejazic     22 aut  2 10  6  5 18 176 726 450 554   0   0    0   0   0   0   0   0   0   0   0   0   0   0 100
Mateo_P_Curci 21 arg  1  2 12  5 20 318 891 534 702   4   1  278   0   0   0   0   3   1   0   0   2   0   0 100
Mohamed_Kante 21 fra  1  4 12  3 34 423 991 540 395   2   0  190   0   0   0   0   5   0   0   0   0   0   0 100
Tony_Reitz    22 ger  1  5 11  2 34 843 275 992 769   0   0    0   0   0   0   0   0   0   0   0   0   0   0 100
F_Paschke     22 ger  1  5 11  2 34 415 375 493 849   0   0    0   0   0   0   0   0   0   0   0   0   0   0 100
Tobias_Bacar  19 arg  1  2 11  5 21 338 510 813 956   3   1  194   0   0   0   0   5   0   0   1   2   0   0 100
Aaron_Kamara  19 eng  1  5 11  5 26 288 314 564 547   2   1  102   0   0   0   0   3   1   0   1   0   0   0 100
Wesley        22 bra  1  1  6 12 16 315 754 436 811   3   0  245   1   0   0   0   1  13   2   0   0   0   0 100
Nicolo_Baldo  20 ita  1  3  6 11 28 627 781 676 850   2   0  190   0   0   0   0   0   5   1   0   0   0   0 100
Dilan_Gerez   19 arg  2  4  5 11 30 153 802 573 945   3   0  135   1   0   0   1   0   9   2   0   2   0   0 100
A_Frascolla   19 ita  1  4  4 11 28 851 374 979 720   3   3  148   0   0   0   0   0   7   2   0   0   0   0 100
R_Junior      19 bra  1  1  5 11 16 290 901 351 607   1   1   38   0   0   0   0   0   6   0   0   0   0   0 100
